.7769104838371277
-.8336676359176636
-.4603271782398224
.8426968455314636
.7555568814277649
-.22730347514152527
-.899086058139801
-.9718924760818481
-.7444146871566772
-.5171935558319092
-.43034228682518005
-.5171935558319092
-.7444146871566772
-.9718924760818481
-.899086058139801
-.22730347514152527
.7555568814277649
.8426968455314636
-.4603271782398224
-.8336676359176636
.7769104838371277
-.8336676359176636
0
0
0
0
0
0
0
0
0
0
0
0
0
0
0
0
0
0
0
-.8336676359176636
-.4603271782398224
0
0
0
0
0
0
0
0
0
0
0
0
0
0
0
0
0
0
0
-.4603271782398224
.8426968455314636
0
0
0
0
0
0
0
0
0
0
0
0
0
0
0
0
0
0
0
.8426968455314636
.7555568814277649
0
0
0
0
0
0
0
0
0
0
0
0
0
0
0
0
0
0
0
.7555568814277649
-.22730347514152527
0
0
0
0
0
0
0
0
0
0
0
0
0
0
0
0
0
0
0
-.22730347514152527
-.899086058139801
0
0
0
0
0
0
0
0
0
0
0
0
0
0
0
0
0
0
0
-.899086058139801
-.9718924760818481
0
0
0
0
0
0
0
0
0
0
0
0
0
0
0
0
0
0
0
-.9718924760818481
-.7444146871566772
0
0
0
0
0
0
0
0
0
0
0
0
0
0
0
0
0
0
0
-.7444146871566772
-.5171935558319092
0
0
0
0
0
0
0
0
0
0
0
0
0
0
0
0
0
0
0
-.5171935558319092
-.43034228682518005
0
0
0
0
0
0
0
0
0
0
0
0
0
0
0
0
0
0
0
-.43034228682518005
-.5171935558319092
0
0
0
0
0
0
0
0
0
0
0
0
0
0
0
0
0
0
0
-.5171935558319092
-.7444146871566772
0
0
0
0
0
0
0
0
0
0
0
0
0
0
0
0
0
0
0
-.7444146871566772
-.9718924760818481
0
0
0
0
0
0
0
0
0
0
0
0
0
0
0
0
0
0
0
-.9718924760818481
-.899086058139801
0
0
0
0
0
0
0
0
0
0
0
0
0
0
0
0
0
0
0
-.899086058139801
-.22730347514152527
0
0
0
0
0
0
0
0
0
0
0
0
0
0
0
0
0
0
0
-.22730347514152527
.7555568814277649
0
0
0
0
0
0
0
0
0
0
0
0
0
0
0
0
0
0
0
.7555568814277649
.8426968455314636
0
0
0
0
0
0
0
0
0
0
0
0
0
0
0
0
0
0
0
.8426968455314636
-.4603271782398224
0
0
0
0
0
0
0
0
0
0
0
0
0
0
0
0
0
0
0
-.4603271782398224
-.8336676359176636
0
0
0
0
0
0
0
0
0
0
0
0
0
0
0
0
0
0
0
-.8336676359176636
.7769104838371277
-.8336676359176636
-.4603271782398224
.8426968455314636
.7555568814277649
-.22730347514152527
-.899086058139801
-.9718924760818481
-.7444146871566772
-.5171935558319092
-.43034228682518005
-.5171935558319092
-.7444146871566772
-.9718924760818481
-.899086058139801
-.22730347514152527
.7555568814277649
.8426968455314636
-.4603271782398224
-.8336676359176636
.7769104838371277
