0
0
0
0
0
0
0
0
0
0
14e-45
98e-45
406e-45
1149e-45
2256e-45
3391e-45
4246e-45
4722e-45
4905e-45
496e-44
496e-44
496e-44
4905e-45
4722e-45
4246e-45
3391e-45
2256e-45
1149e-45
406e-45
98e-45
14e-45
0
0
0
0
0
0
0
0
0
0
0
0
0
0
0
0
28e-45
9823e-45
1149219e-45
47013914e-45
7934226e-43
64400345e-43
288858e-40
81025207e-42
1588092e-40
23894166e-41
2991289e-40
33275664e-41
34618908e-41
3493651e-40
34957838e-41
3493651e-40
34618908e-41
33275664e-41
2991289e-40
23894166e-41
1588092e-40
81025207e-42
288858e-40
64400345e-43
7934226e-43
47013914e-45
1149219e-45
9823e-45
28e-45
0
0
0
0
0
0
0
0
0
0
14e-45
72447e-45
12261277e-44
4948326e-41
57858034e-40
2366949e-37
39945427e-37
32422814e-36
14542763e-35
40792723e-35
7995363e-34
1202969e-33
15059858e-34
16752935e-34
17429138e-34
17589035e-34
17599776e-34
17589035e-34
17429138e-34
16752935e-34
15059858e-34
1202969e-33
7995363e-34
40792723e-35
14542763e-35
32422814e-36
39945427e-37
2366949e-37
57858034e-40
4948326e-41
12261277e-44
72447e-45
14e-45
0
0
0
0
0
0
0
7e-44
3862553e-45
33880606e-42
5733624e-38
23139386e-36
27055499e-34
11068337e-32
18679372e-31
1516157e-29
68004934e-30
19075439e-29
37388097e-29
56253285e-29
7042271e-28
78340153e-29
8150221e-28
82249935e-29
8230015e-28
82249935e-29
8150221e-28
78340153e-29
7042271e-28
56253285e-29
37388097e-29
19075439e-29
68004934e-30
1516157e-29
18679372e-31
11068337e-32
27055499e-34
23139386e-36
5733624e-38
33880606e-42
3862553e-45
7e-44
0
0
0
0
0
14e-45
3862553e-45
22026617e-41
19320767e-37
32696594e-34
13195478e-31
1542868e-28
6311836e-27
106521075e-27
86460443e-26
38780527e-25
1087797e-23
21320954e-24
32079027e-24
4015929e-23
44674298e-24
46477492e-24
46903887e-24
46932524e-24
46903887e-24
46477492e-24
44674298e-24
4015929e-23
32079027e-24
21320954e-24
1087797e-23
38780527e-25
86460443e-26
106521075e-27
6311836e-27
1542868e-28
13195478e-31
32696594e-34
19320767e-37
22026617e-41
3862553e-45
14e-45
0
0
0
0
72447e-45
33880606e-42
19320767e-37
16947447e-33
28680105e-30
11574486e-27
13533404e-25
55365038e-24
9343591e-22
7583954e-21
34016684e-21
95417076e-21
18701864e-20
28138405e-20
35226146e-20
3918638e-19
40768222e-20
41142236e-20
41167278e-20
41142236e-20
40768222e-20
3918638e-19
35226146e-20
28138405e-20
18701864e-20
95417076e-21
34016684e-21
7583954e-21
9343591e-22
55365038e-24
13533404e-25
11574486e-27
28680105e-30
16947447e-33
19320767e-37
33880606e-42
72447e-45
0
0
0
28e-45
12261277e-44
5733624e-38
32696594e-34
28680105e-30
4853524e-26
19587536e-24
22902532e-22
93693696e-21
15812125e-19
12834324e-18
57566205e-18
16147397e-17
31649097e-17
4761852e-16
5961308e-16
66314965e-17
6899192e-16
6962486e-16
6966724e-16
6962486e-16
6899192e-16
66314965e-17
5961308e-16
4761852e-16
31649097e-17
16147397e-17
57566205e-18
12834324e-18
15812125e-19
93693696e-21
22902532e-22
19587536e-24
4853524e-26
28680105e-30
32696594e-34
5733624e-38
12261277e-44
28e-45
0
0
9823e-45
4948326e-41
23139386e-36
13195478e-31
11574486e-27
19587536e-24
790498e-20
9242837e-19
3781229e-17
63813294e-17
5179583e-15
2323215e-14
6516649e-14
12772712e-14
19217535e-14
24058212e-14
2676291e-13
27843254e-14
28098694e-14
28115795e-14
28098694e-14
27843254e-14
2676291e-13
24058212e-14
19217535e-14
12772712e-14
6516649e-14
2323215e-14
5179583e-15
63813294e-17
3781229e-17
9242837e-19
790498e-20
19587536e-24
11574486e-27
13195478e-31
23139386e-36
4948326e-41
9823e-45
0
0
1149219e-45
57858034e-40
27055499e-34
1542868e-28
13533404e-25
22902532e-22
9242837e-19
108071156e-18
4421173e-15
7461335e-14
60561877e-14
27164037e-13
76195415e-13
149343805e-13
22469976e-12
28129853e-12
3129236e-11
32555512e-12
32854183e-12
32874177e-12
32854183e-12
32555512e-12
3129236e-11
28129853e-12
22469976e-12
149343805e-13
76195415e-13
27164037e-13
60561877e-14
7461335e-14
4421173e-15
108071156e-18
9242837e-19
22902532e-22
13533404e-25
1542868e-28
27055499e-34
57858034e-40
1149219e-45
0
0
47013914e-45
2366949e-37
11068337e-32
6311836e-27
55365038e-24
93693696e-21
3781229e-17
4421173e-15
18086945e-14
30524168e-13
24775762e-12
.00011112762
.0003117142
.00061096303
919243e-9
.0011507876
.0012801652
.0013318404
.0013440591
.0013448771
.0013440591
.0013318404
.0012801652
.0011507876
919243e-9
.00061096303
.0003117142
.00011112762
24775762e-12
30524168e-13
18086945e-14
4421173e-15
3781229e-17
93693696e-21
55365038e-24
6311836e-27
11068337e-32
2366949e-37
47013914e-45
0
14e-45
7934226e-43
39945427e-37
18679372e-31
106521075e-27
9343591e-22
15812125e-19
63813294e-17
7461335e-14
30524168e-13
51513667e-12
.0004181241
.001875429
.0052605984
.010310832
.015513461
.019421097
.021604508
.022476612
.022682806
.022696622
.022682806
.022476612
.021604508
.019421097
.015513461
.010310832
.0052605984
.001875429
.0004181241
51513667e-12
30524168e-13
7461335e-14
63813294e-17
15812125e-19
9343591e-22
106521075e-27
18679372e-31
39945427e-37
7934226e-43
14e-45
98e-45
64400345e-43
32422814e-36
1516157e-29
86460443e-26
7583954e-21
12834324e-18
5179583e-15
60561877e-14
24775762e-12
.0004181241
.0033938168
.01522241
.04269904
.08369061
.12591912
.15763648
.17535873
.18243738
.184111
.18422315
.184111
.18243738
.17535873
.15763648
.12591912
.08369061
.04269904
.01522241
.0033938168
.0004181241
24775762e-12
60561877e-14
5179583e-15
12834324e-18
7583954e-21
86460443e-26
1516157e-29
32422814e-36
64400345e-43
98e-45
406e-45
288858e-40
14542763e-35
68004934e-30
38780527e-25
34016684e-21
57566205e-18
2323215e-14
27164037e-13
.00011112762
.001875429
.01522241
.06827766
.19151962
.37538052
.5647899
.70705295
.78654325
.818293
.8258
.826303
.8258
.818293
.78654325
.70705295
.5647899
.37538052
.19151962
.06827766
.01522241
.001875429
.00011112762
27164037e-13
2323215e-14
57566205e-18
34016684e-21
38780527e-25
68004934e-30
14542763e-35
288858e-40
406e-45
1149e-45
81025207e-42
40792723e-35
19075439e-29
1087797e-23
95417076e-21
16147397e-17
6516649e-14
76195415e-13
.0003117142
.0052605984
.04269904
.19151962
.5372147
1.0529469
1.5842421
1.9832914
2.2062628
2.2953215
2.3163786
2.317789
2.3163786
2.2953215
2.2062628
1.9832914
1.5842421
1.0529469
.5372147
.19151962
.04269904
.0052605984
.0003117142
76195415e-13
6516649e-14
16147397e-17
95417076e-21
1087797e-23
19075439e-29
40792723e-35
81025207e-42
1149e-45
2256e-45
1588092e-40
7995363e-34
37388097e-29
21320954e-24
18701864e-20
31649097e-17
12772712e-14
149343805e-13
.00061096303
.010310832
.08369061
.37538052
1.0529469
2.0637875
3.1051316
3.8872733
4.3242993
4.498855
4.5401278
4.5428925
4.5401278
4.498855
4.3242993
3.8872733
3.1051316
2.0637875
1.0529469
.37538052
.08369061
.010310832
.00061096303
149343805e-13
12772712e-14
31649097e-17
18701864e-20
21320954e-24
37388097e-29
7995363e-34
1588092e-40
2256e-45
3391e-45
23894166e-41
1202969e-33
56253285e-29
32079027e-24
28138405e-20
4761852e-16
19217535e-14
22469976e-12
919243e-9
.015513461
.12591912
.5647899
1.5842421
3.1051316
4.6719174
5.848712
6.506252
6.7688847
6.8309827
6.835142
6.8309827
6.7688847
6.506252
5.848712
4.6719174
3.1051316
1.5842421
.5647899
.12591912
.015513461
919243e-9
22469976e-12
19217535e-14
4761852e-16
28138405e-20
32079027e-24
56253285e-29
1202969e-33
23894166e-41
3391e-45
4246e-45
2991289e-40
15059858e-34
7042271e-28
4015929e-23
35226146e-20
5961308e-16
24058212e-14
28129853e-12
.0011507876
.019421097
.15763648
.70705295
1.9832914
3.8872733
5.848712
7.321924
8.14509
8.473877
8.551616
8.556825
8.551616
8.473877
8.14509
7.321924
5.848712
3.8872733
1.9832914
.70705295
.15763648
.019421097
.0011507876
28129853e-12
24058212e-14
5961308e-16
35226146e-20
4015929e-23
7042271e-28
15059858e-34
2991289e-40
4246e-45
4722e-45
33275664e-41
16752935e-34
78340153e-29
44674298e-24
3918638e-19
66314965e-17
2676291e-13
3129236e-11
.0012801652
.021604508
.17535873
.78654325
2.2062628
4.3242993
6.506252
8.14509
9.060801
9.426551
9.51303
9.518824
9.51303
9.426551
9.060801
8.14509
6.506252
4.3242993
2.2062628
.78654325
.17535873
.021604508
.0012801652
3129236e-11
2676291e-13
66314965e-17
3918638e-19
44674298e-24
78340153e-29
16752935e-34
33275664e-41
4722e-45
4905e-45
34618908e-41
17429138e-34
8150221e-28
46477492e-24
40768222e-20
6899192e-16
27843254e-14
32555512e-12
.0013318404
.022476612
.18243738
.818293
2.2953215
4.498855
6.7688847
8.473877
9.426551
9.807066
9.897036
9.903063
9.897036
9.807066
9.426551
8.473877
6.7688847
4.498855
2.2953215
.818293
.18243738
.022476612
.0013318404
32555512e-12
27843254e-14
6899192e-16
40768222e-20
46477492e-24
8150221e-28
17429138e-34
34618908e-41
4905e-45
496e-44
3493651e-40
17589035e-34
82249935e-29
46903887e-24
41142236e-20
6962486e-16
28098694e-14
32854183e-12
.0013440591
.022682806
.184111
.8258
2.3163786
4.5401278
6.8309827
8.551616
9.51303
9.897036
9.987831
9.993914
9.987831
9.897036
9.51303
8.551616
6.8309827
4.5401278
2.3163786
.8258
.184111
.022682806
.0013440591
32854183e-12
28098694e-14
6962486e-16
41142236e-20
46903887e-24
82249935e-29
17589035e-34
3493651e-40
496e-44
496e-44
34957838e-41
17599776e-34
8230015e-28
46932524e-24
41167278e-20
6966724e-16
28115795e-14
32874177e-12
.0013448771
.022696622
.18422315
.826303
2.317789
4.5428925
6.835142
8.556825
9.518824
9.903063
9.993914
10
9.993914
9.903063
9.518824
8.556825
6.835142
4.5428925
2.317789
.826303
.18422315
.022696622
.0013448771
32874177e-12
28115795e-14
6966724e-16
41167278e-20
46932524e-24
8230015e-28
17599776e-34
34957838e-41
496e-44
496e-44
3493651e-40
17589035e-34
82249935e-29
46903887e-24
41142236e-20
6962486e-16
28098694e-14
32854183e-12
.0013440591
.022682806
.184111
.8258
2.3163786
4.5401278
6.8309827
8.551616
9.51303
9.897036
9.987831
9.993914
9.987831
9.897036
9.51303
8.551616
6.8309827
4.5401278
2.3163786
.8258
.184111
.022682806
.0013440591
32854183e-12
28098694e-14
6962486e-16
41142236e-20
46903887e-24
82249935e-29
17589035e-34
3493651e-40
496e-44
4905e-45
34618908e-41
17429138e-34
8150221e-28
46477492e-24
40768222e-20
6899192e-16
27843254e-14
32555512e-12
.0013318404
.022476612
.18243738
.818293
2.2953215
4.498855
6.7688847
8.473877
9.426551
9.807066
9.897036
9.903063
9.897036
9.807066
9.426551
8.473877
6.7688847
4.498855
2.2953215
.818293
.18243738
.022476612
.0013318404
32555512e-12
27843254e-14
6899192e-16
40768222e-20
46477492e-24
8150221e-28
17429138e-34
34618908e-41
4905e-45
4722e-45
33275664e-41
16752935e-34
78340153e-29
44674298e-24
3918638e-19
66314965e-17
2676291e-13
3129236e-11
.0012801652
.021604508
.17535873
.78654325
2.2062628
4.3242993
6.506252
8.14509
9.060801
9.426551
9.51303
9.518824
9.51303
9.426551
9.060801
8.14509
6.506252
4.3242993
2.2062628
.78654325
.17535873
.021604508
.0012801652
3129236e-11
2676291e-13
66314965e-17
3918638e-19
44674298e-24
78340153e-29
16752935e-34
33275664e-41
4722e-45
4246e-45
2991289e-40
15059858e-34
7042271e-28
4015929e-23
35226146e-20
5961308e-16
24058212e-14
28129853e-12
.0011507876
.019421097
.15763648
.70705295
1.9832914
3.8872733
5.848712
7.321924
8.14509
8.473877
8.551616
8.556825
8.551616
8.473877
8.14509
7.321924
5.848712
3.8872733
1.9832914
.70705295
.15763648
.019421097
.0011507876
28129853e-12
24058212e-14
5961308e-16
35226146e-20
4015929e-23
7042271e-28
15059858e-34
2991289e-40
4246e-45
3391e-45
23894166e-41
1202969e-33
56253285e-29
32079027e-24
28138405e-20
4761852e-16
19217535e-14
22469976e-12
919243e-9
.015513461
.12591912
.5647899
1.5842421
3.1051316
4.6719174
5.848712
6.506252
6.7688847
6.8309827
6.835142
6.8309827
6.7688847
6.506252
5.848712
4.6719174
3.1051316
1.5842421
.5647899
.12591912
.015513461
919243e-9
22469976e-12
19217535e-14
4761852e-16
28138405e-20
32079027e-24
56253285e-29
1202969e-33
23894166e-41
3391e-45
2256e-45
1588092e-40
7995363e-34
37388097e-29
21320954e-24
18701864e-20
31649097e-17
12772712e-14
149343805e-13
.00061096303
.010310832
.08369061
.37538052
1.0529469
2.0637875
3.1051316
3.8872733
4.3242993
4.498855
4.5401278
4.5428925
4.5401278
4.498855
4.3242993
3.8872733
3.1051316
2.0637875
1.0529469
.37538052
.08369061
.010310832
.00061096303
149343805e-13
12772712e-14
31649097e-17
18701864e-20
21320954e-24
37388097e-29
7995363e-34
1588092e-40
2256e-45
1149e-45
81025207e-42
40792723e-35
19075439e-29
1087797e-23
95417076e-21
16147397e-17
6516649e-14
76195415e-13
.0003117142
.0052605984
.04269904
.19151962
.5372147
1.0529469
1.5842421
1.9832914
2.2062628
2.2953215
2.3163786
2.317789
2.3163786
2.2953215
2.2062628
1.9832914
1.5842421
1.0529469
.5372147
.19151962
.04269904
.0052605984
.0003117142
76195415e-13
6516649e-14
16147397e-17
95417076e-21
1087797e-23
19075439e-29
40792723e-35
81025207e-42
1149e-45
406e-45
288858e-40
14542763e-35
68004934e-30
38780527e-25
34016684e-21
57566205e-18
2323215e-14
27164037e-13
.00011112762
.001875429
.01522241
.06827766
.19151962
.37538052
.5647899
.70705295
.78654325
.818293
.8258
.826303
.8258
.818293
.78654325
.70705295
.5647899
.37538052
.19151962
.06827766
.01522241
.001875429
.00011112762
27164037e-13
2323215e-14
57566205e-18
34016684e-21
38780527e-25
68004934e-30
14542763e-35
288858e-40
406e-45
98e-45
64400345e-43
32422814e-36
1516157e-29
86460443e-26
7583954e-21
12834324e-18
5179583e-15
60561877e-14
24775762e-12
.0004181241
.0033938168
.01522241
.04269904
.08369061
.12591912
.15763648
.17535873
.18243738
.184111
.18422315
.184111
.18243738
.17535873
.15763648
.12591912
.08369061
.04269904
.01522241
.0033938168
.0004181241
24775762e-12
60561877e-14
5179583e-15
12834324e-18
7583954e-21
86460443e-26
1516157e-29
32422814e-36
64400345e-43
98e-45
14e-45
7934226e-43
39945427e-37
18679372e-31
106521075e-27
9343591e-22
15812125e-19
63813294e-17
7461335e-14
30524168e-13
51513667e-12
.0004181241
.001875429
.0052605984
.010310832
.015513461
.019421097
.021604508
.022476612
.022682806
.022696622
.022682806
.022476612
.021604508
.019421097
.015513461
.010310832
.0052605984
.001875429
.0004181241
51513667e-12
30524168e-13
7461335e-14
63813294e-17
15812125e-19
9343591e-22
106521075e-27
18679372e-31
39945427e-37
7934226e-43
14e-45
0
47013914e-45
2366949e-37
11068337e-32
6311836e-27
55365038e-24
93693696e-21
3781229e-17
4421173e-15
18086945e-14
30524168e-13
24775762e-12
.00011112762
.0003117142
.00061096303
919243e-9
.0011507876
.0012801652
.0013318404
.0013440591
.0013448771
.0013440591
.0013318404
.0012801652
.0011507876
919243e-9
.00061096303
.0003117142
.00011112762
24775762e-12
30524168e-13
18086945e-14
4421173e-15
3781229e-17
93693696e-21
55365038e-24
6311836e-27
11068337e-32
2366949e-37
47013914e-45
0
0
1149219e-45
57858034e-40
27055499e-34
1542868e-28
13533404e-25
22902532e-22
9242837e-19
108071156e-18
4421173e-15
7461335e-14
60561877e-14
27164037e-13
76195415e-13
149343805e-13
22469976e-12
28129853e-12
3129236e-11
32555512e-12
32854183e-12
32874177e-12
32854183e-12
32555512e-12
3129236e-11
28129853e-12
22469976e-12
149343805e-13
76195415e-13
27164037e-13
60561877e-14
7461335e-14
4421173e-15
108071156e-18
9242837e-19
22902532e-22
13533404e-25
1542868e-28
27055499e-34
57858034e-40
1149219e-45
0
0
9823e-45
4948326e-41
23139386e-36
13195478e-31
11574486e-27
19587536e-24
790498e-20
9242837e-19
3781229e-17
63813294e-17
5179583e-15
2323215e-14
6516649e-14
12772712e-14
19217535e-14
24058212e-14
2676291e-13
27843254e-14
28098694e-14
28115795e-14
28098694e-14
27843254e-14
2676291e-13
24058212e-14
19217535e-14
12772712e-14
6516649e-14
2323215e-14
5179583e-15
63813294e-17
3781229e-17
9242837e-19
790498e-20
19587536e-24
11574486e-27
13195478e-31
23139386e-36
4948326e-41
9823e-45
0
0
28e-45
12261277e-44
5733624e-38
32696594e-34
28680105e-30
4853524e-26
19587536e-24
22902532e-22
93693696e-21
15812125e-19
12834324e-18
57566205e-18
16147397e-17
31649097e-17
4761852e-16
5961308e-16
66314965e-17
6899192e-16
6962486e-16
6966724e-16
6962486e-16
6899192e-16
66314965e-17
5961308e-16
4761852e-16
31649097e-17
16147397e-17
57566205e-18
12834324e-18
15812125e-19
93693696e-21
22902532e-22
19587536e-24
4853524e-26
28680105e-30
32696594e-34
5733624e-38
12261277e-44
28e-45
0
0
0
72447e-45
33880606e-42
19320767e-37
16947447e-33
28680105e-30
11574486e-27
13533404e-25
55365038e-24
9343591e-22
7583954e-21
34016684e-21
95417076e-21
18701864e-20
28138405e-20
35226146e-20
3918638e-19
40768222e-20
41142236e-20
41167278e-20
41142236e-20
40768222e-20
3918638e-19
35226146e-20
28138405e-20
18701864e-20
95417076e-21
34016684e-21
7583954e-21
9343591e-22
55365038e-24
13533404e-25
11574486e-27
28680105e-30
16947447e-33
19320767e-37
33880606e-42
72447e-45
0
0
0
0
14e-45
3862553e-45
22026617e-41
19320767e-37
32696594e-34
13195478e-31
1542868e-28
6311836e-27
106521075e-27
86460443e-26
38780527e-25
1087797e-23
21320954e-24
32079027e-24
4015929e-23
44674298e-24
46477492e-24
46903887e-24
46932524e-24
46903887e-24
46477492e-24
44674298e-24
4015929e-23
32079027e-24
21320954e-24
1087797e-23
38780527e-25
86460443e-26
106521075e-27
6311836e-27
1542868e-28
13195478e-31
32696594e-34
19320767e-37
22026617e-41
3862553e-45
14e-45
0
0
0
0
0
7e-44
3862553e-45
33880606e-42
5733624e-38
23139386e-36
27055499e-34
11068337e-32
18679372e-31
1516157e-29
68004934e-30
19075439e-29
37388097e-29
56253285e-29
7042271e-28
78340153e-29
8150221e-28
82249935e-29
8230015e-28
82249935e-29
8150221e-28
78340153e-29
7042271e-28
56253285e-29
37388097e-29
19075439e-29
68004934e-30
1516157e-29
18679372e-31
11068337e-32
27055499e-34
23139386e-36
5733624e-38
33880606e-42
3862553e-45
7e-44
0
0
0
0
0
0
0
14e-45
72447e-45
12261277e-44
4948326e-41
57858034e-40
2366949e-37
39945427e-37
32422814e-36
14542763e-35
40792723e-35
7995363e-34
1202969e-33
15059858e-34
16752935e-34
17429138e-34
17589035e-34
17599776e-34
17589035e-34
17429138e-34
16752935e-34
15059858e-34
1202969e-33
7995363e-34
40792723e-35
14542763e-35
32422814e-36
39945427e-37
2366949e-37
57858034e-40
4948326e-41
12261277e-44
72447e-45
14e-45
0
0
0
0
0
0
0
0
0
0
28e-45
9823e-45
1149219e-45
47013914e-45
7934226e-43
64400345e-43
288858e-40
81025207e-42
1588092e-40
23894166e-41
2991289e-40
33275664e-41
34618908e-41
3493651e-40
34957838e-41
3493651e-40
34618908e-41
33275664e-41
2991289e-40
23894166e-41
1588092e-40
81025207e-42
288858e-40
64400345e-43
7934226e-43
47013914e-45
1149219e-45
9823e-45
28e-45
0
0
0
0
0
0
0
0
0
0
0
0
0
0
0
0
14e-45
98e-45
406e-45
1149e-45
2256e-45
3391e-45
4246e-45
4722e-45
4905e-45
496e-44
496e-44
496e-44
4905e-45
4722e-45
4246e-45
3391e-45
2256e-45
1149e-45
406e-45
98e-45
14e-45
0
0
0
0
0
0
0
0
0
0
