646	605	645
97	138	98
1210	1211	1170
559	518	558
881	922	882
850	849	890
466	465	506
623	624	583
293	294	253
498	538	539
667	666	707
1049	1008	1048
623	583	582
214	215	174
390	350	349
666	665	706
105	145	146
181	141	140
434	394	393
442	483	443
235	276	236
515	514	555
354	314	313
684	685	644
316	275	315
835	834	875
887	847	846
441	442	401
814	773	813
1432	1392	1391
1012	1011	1052
802	762	761
393	394	353
966	967	926
708	668	667
1350	1391	1351
1648	1608	1607
967	927	926
547	546	587
1287	1286	1327
1130	1171	1131
1360	1361	1320
373	414	374
1400	1401	1360
457	456	497
210	170	169
665	625	624
290	291	250
741	740	781
293	292	333
333	332	373
536	495	535
1199	1158	1198
577	536	576
946	905	945
701	700	741
658	617	657
455	454	495
663	622	662
580	539	579
660	700	701
380	339	379
416	415	456
782	741	781
594	634	635
989	1029	1030
1126	1125	1166
424	383	423
46	47	6
709	710	669
880	881	840
343	303	302
228	268	269
463	422	462
343	384	344
171	131	130
217	258	218
10	9	50
258	259	218
134	135	94
28	69	29
217	177	176
259	260	219
512	471	511
315	275	274
74	73	114
184	143	183
222	263	223
107	67	66
113	112	153
238	198	197
203	163	162
1145	1104	1144
118	158	159
202	161	201
238	197	237
449	448	489
201	160	200
285	284	325
407	366	406
608	648	649
850	810	809
682	723	683
643	644	603
609	608	649
812	772	771
591	550	590
597	596	637
347	388	348
352	393	353
349	389	390
429	469	470
513	553	554
711	671	670
676	635	675
510	469	509
762	763	722
682	683	642
885	886	845
888	847	887
1293	1253	1252
689	648	688
927	928	887
1136	1095	1135
890	889	930
895	855	854
1017	1057	1058
976	975	1016
897	937	938
1106	1065	1105
1104	1063	1103
1141	1182	1142
1061	1101	1102
981	980	1021
1212	1211	1252
1141	1181	1182
1269	1229	1228
1133	1173	1174
1186	1187	1146
1103	1102	1143
1472	1431	1471
1492	1493	1452
1473	1472	1513
1223	1264	1224
1552	1551	1592
1264	1305	1265
1634	1594	1593
1296	1297	1256
1221	1181	1180
1183	1182	1223
1208	1167	1207
1303	1263	1262
1290	1249	1289
1673	1632	1672
1297	1298	1257
1541	1500	1540
1409	1450	1410
1453	1493	1494
1606	1605	1646
1406	1446	1447
1124	1165	1125
1044	1045	1004
1208	1248	1249
953	994	954
1323	1364	1324
717	757	758
918	878	877
837	877	878
995	994	1035
796	797	756
749	750	709
838	837	878
997	1038	998
1040	999	1039
1284	1283	1324
789	748	788
1028	1068	1069
663	664	623
867	826	866
869	870	829
700	740	741
1240	1241	1200
1234	1193	1233
781	740	780
947	946	987
1193	1192	1233
1199	1200	1159
1072	1071	1112
1643	1603	1602
1359	1399	1400
1069	1029	1028
1273	1233	1232
1562	1602	1603
1315	1355	1356
85	84	125
45	44	85
3	43	44
125	124	165
3	44	4
43	83	84
8	49	9
93	133	134
59	19	18
52	11	51
96	136	137
90	50	49
95	94	135
53	12	52
90	89	130
53	94	54
255	296	256
214	174	173
171	172	131
135	175	176
341	342	301
139	179	180
295	294	335
258	299	259
217	257	258
262	261	302
211	171	170
172	132	131
210	211	170
130	131	90
126	86	85
417	376	416
250	291	251
414	413	454
290	331	291
372	371	412
376	336	335
332	331	372
539	499	498
417	418	377
498	499	458
417	377	376
576	575	616
455	496	456
579	578	619
494	493	534
619	660	620
821	822	781
784	785	744
660	659	700
496	537	497
622	621	662
702	661	701
619	578	618
542	582	583
621	580	620
624	664	665
702	701	742
707	747	748
750	710	709
628	588	587
421	420	461
752	711	751
669	668	709
546	505	545
630	629	670
459	460	419
504	545	505
378	379	338
339	298	338
379	339	338
297	256	296
342	341	382
421	381	380
509	468	508
388	428	429
467	507	508
465	425	424
633	593	592
508	507	548
674	633	673
711	670	710
754	713	753
672	631	671
712	711	752
710	750	751
673	672	713
836	835	876
631	630	671
547	507	506
672	671	712
670	669	710
716	676	675
591	551	550
719	718	759
796	756	755
843	844	803
760	719	759
720	719	760
679	639	638
762	722	721
638	598	597
516	556	557
677	636	676
390	431	391
470	469	510
468	509	469
508	549	509
349	308	348
345	305	304
430	390	389
391	350	390
308	307	348
189	188	229
309	269	268
392	391	432
227	186	226
224	264	265
263	264	223
141	101	100
307	306	347
387	346	386
384	385	344
428	387	427
300	301	260
343	383	384
300	260	259
262	303	263
176	177	136
138	179	139
219	179	178
221	222	181
97	137	138
178	179	138
177	137	136
178	138	137
57	56	97
181	180	221
61	101	102
100	101	60
226	225	266
102	62	61
61	60	101
104	103	144
231	190	230
144	185	145
229	230	189
63	62	103
187	147	146
63	22	62
66	25	65
64	63	104
110	69	109
149	189	190
150	190	191
193	194	153
107	148	108
186	187	146
192	233	193
148	147	188
311	352	312
351	350	391
395	354	394
353	394	354
274	273	314
313	353	354
315	314	355
270	230	229
194	235	195
190	189	230
355	356	315
319	359	360
319	360	320
404	403	444
194	195	154
197	157	156
276	277	236
237	197	196
111	152	112
235	275	276
69	110	70
150	149	190
109	68	108
24	23	64
70	30	29
113	153	154
71	112	72
70	110	111
73	72	113
30	70	71
195	155	154
155	115	114
116	75	115
73	32	72
75	74	115
78	77	118
35	34	75
38	78	79
118	117	158
79	80	39
122	162	163
199	158	198
200	159	199
118	77	117
161	160	201
119	78	118
368	328	327
284	243	283
204	164	163
204	163	203
448	449	408
325	324	365
368	367	408
326	325	366
487	447	446
366	325	365
278	319	279
364	324	323
155	196	156
323	322	363
278	237	277
196	155	195
237	278	238
278	277	318
362	361	402
441	482	442
398	438	439
610	650	651
487	528	488
401	361	360
443	483	484
644	645	604
443	403	402
362	322	321
445	486	446
573	614	574
447	407	406
408	367	407
449	450	409
449	409	408
327	286	326
489	490	449
491	451	450
610	570	569
532	573	533
775	735	734
774	733	773
574	614	615
694	653	693
696	656	655
738	737	778
655	614	654
654	614	613
857	817	816
811	812	771
612	613	572
733	732	773
528	568	569
567	607	608
566	606	607
732	731	772
610	609	650
568	567	608
683	723	724
769	770	729
726	685	725
928	888	887
603	644	604
728	729	688
647	688	648
687	728	688
727	726	767
892	891	932
566	525	565
605	604	645
523	483	482
524	484	483
401	400	441
357	356	397
559	519	518
601	641	642
601	602	561
602	643	603
564	604	605
684	724	725
561	562	521
396	355	395
433	434	393
434	475	435
392	432	433
557	598	558
476	517	477
473	433	432
600	641	601
721	681	680
601	642	602
726	766	767
642	683	643
641	640	681
600	640	641
596	556	555
725	765	766
887	886	927
920	921	880
760	801	761
884	925	885
798	799	758
963	1004	964
1042	1041	1082
1047	1087	1088
1047	1006	1046
1243	1202	1242
1170	1211	1171
1208	1168	1167
1415	1456	1416
1255	1214	1254
1211	1210	1251
1088	1129	1089
1127	1086	1126
1130	1170	1171
1128	1129	1088
1175	1174	1215
1130	1089	1129
1094	1053	1093
1215	1256	1216
1135	1094	1134
1050	1010	1009
971	970	1011
1010	969	1009
1178	1179	1138
973	974	933
969	929	928
1054	1055	1014
765	806	766
802	803	762
806	805	846
803	763	762
847	806	846
764	763	804
769	810	770
893	852	892
934	933	974
1056	1055	1096
974	975	934
978	1018	1019
1140	1180	1181
1016	975	1015
975	935	934
730	731	690
1018	978	977
772	773	732
817	777	776
776	735	775
778	818	819
940	899	939
1062	1063	1022
899	859	858
978	937	977
1018	1058	1059
1060	1020	1019
1063	1064	1023
1267	1268	1227
1104	1064	1063
983	943	942
1065	1024	1064
983	942	982
1186	1146	1145
1311	1352	1312
1229	1189	1188
1222	1182	1181
1222	1221	1262
1143	1142	1183
1059	1019	1018
1180	1140	1139
1097	1096	1137
1179	1178	1219
1258	1299	1259
1508	1468	1467
1179	1220	1180
1430	1471	1431
1351	1391	1392
1426	1385	1425
1385	1386	1345
1349	1390	1350
1431	1391	1390
1225	1266	1226
1349	1389	1390
1227	1268	1228
1349	1348	1389
1311	1351	1352
1392	1352	1351
1394	1353	1393
1271	1270	1311
1434	1393	1433
1352	1392	1393
1267	1308	1268
1390	1391	1350
1392	1433	1393
1473	1513	1514
1510	1470	1469
1512	1513	1472
1557	1556	1597
1591	1551	1550
1594	1554	1553
1555	1554	1595
1594	1635	1595
1553	1512	1552
1589	1629	1630
1632	1631	1672
1548	1507	1547
1589	1588	1629
1584	1585	1544
1630	1671	1631
1543	1503	1502
1617	1576	1616
1504	1545	1505
1410	1411	1370
1382	1381	1422
1338	1339	1298
1628	1587	1627
1465	1506	1466
1301	1261	1260
1257	1216	1256
1424	1384	1383
1220	1221	1180
1339	1340	1299
1255	1215	1214
1337	1338	1297
1258	1259	1218
1336	1337	1296
1420	1461	1421
1417	1418	1377
1250	1290	1291
1295	1296	1255
1337	1297	1296
1291	1292	1251
1253	1212	1252
1206	1246	1247
1331	1330	1371
1413	1453	1454
1374	1334	1333
1536	1496	1495
1413	1372	1412
1461	1460	1501
1455	1456	1415
1580	1581	1540
1577	1578	1537
1499	1500	1459
1617	1658	1618
1619	1578	1618
1529	1569	1570
1533	1574	1534
1492	1532	1533
1456	1455	1496
1528	1527	1568
1614	1615	1574
1572	1571	1612
1660	1661	1620
1527	1487	1486
1364	1405	1365
1566	1567	1526
1612	1653	1613
1446	1405	1445
1526	1527	1486
1405	1446	1406
1368	1328	1327
1528	1488	1487
1449	1450	1409
1322	1323	1282
1288	1328	1329
1282	1323	1283
1322	1363	1323
1242	1282	1283
1240	1199	1239
1282	1242	1241
1033	1074	1034
1162	1121	1161
1243	1283	1284
1285	1325	1326
1407	1447	1448
1285	1284	1325
1451	1492	1452
1330	1329	1370
1328	1368	1369
1205	1165	1164
1287	1327	1328
1245	1286	1246
1243	1242	1283
1124	1084	1083
1082	1081	1122
1202	1161	1201
1038	1079	1039
1202	1162	1161
960	961	920
1081	1040	1080
829	830	789
1003	1004	963
1083	1123	1124
797	837	838
792	793	752
798	757	797
714	673	713
797	796	837
754	753	794
1040	1041	1000
791	751	750
999	1040	1000
1082	1083	1042
914	874	873
917	918	877
833	792	832
833	834	793
705	704	745
910	911	870
992	1033	993
912	913	872
910	950	951
1037	996	1036
912	952	953
1118	1158	1159
957	956	997
913	953	954
1161	1160	1201
1119	1120	1079
1034	1035	994
1079	1120	1080
1159	1160	1119
1118	1119	1078
1117	1157	1158
1116	1075	1115
1153	1113	1112
1196	1197	1156
1074	1033	1073
949	908	948
1035	1034	1075
951	911	910
1071	1072	1031
1155	1196	1156
993	952	992
993	953	952
787	827	828
871	912	872
866	826	825
704	664	663
1031	1032	991
908	907	948
951	992	952
950	990	991
910	909	950
909	869	868
742	782	783
871	870	911
950	949	990
863	823	822
1030	1029	1070
987	986	1027
1031	1030	1071
989	949	948
1194	1153	1193
1111	1112	1071
1194	1154	1153
1113	1072	1112
1236	1195	1235
1196	1155	1195
1151	1150	1191
944	945	904
1277	1236	1276
1195	1194	1235
1359	1360	1319
1563	1562	1603
1395	1396	1355
1561	1560	1601
1355	1314	1354
1320	1319	1360
1395	1355	1354
1358	1398	1399
1276	1316	1317
1356	1396	1397
1275	1316	1276
1317	1357	1358
1485	1484	1525
1484	1483	1524
1315	1356	1316
1561	1521	1520
1356	1397	1357
1396	1436	1437
1399	1439	1440
1568	1608	1609
1486	1485	1526
1405	1406	1365
1607	1567	1566
1527	1526	1567
1644	1645	1604
1525	1566	1526
1647	1607	1606
1644	1604	1603
1642	1602	1601
1601	1602	1561
1641	1601	1600
1601	1560	1600
1642	1601	1641
42	43	2
1	42	2
83	43	42
126	85	125
168	167	208
208	209	168
165	166	125
165	206	166
43	84	44
83	124	84
167	126	166
84	124	125
166	126	125
45	5	4
207	208	167
209	169	168
129	128	169
127	167	168
127	86	126
130	170	171
167	127	126
168	169	128
128	87	127
86	127	87
45	85	86
44	84	85
2	43	3
87	46	86
4	44	45
45	46	5
45	86	46
7	47	48
46	87	47
91	50	90
47	87	88
89	48	88
47	88	48
5	46	6
6	47	7
7	48	8
51	10	50
91	51	50
9	49	50
8	48	49
132	91	131
132	92	91
91	92	51
175	174	215
132	133	92
175	215	216
132	173	133
213	172	212
212	172	171
214	255	215
133	173	174
132	172	173
91	90	131
49	48	89
129	89	88
90	49	89
87	128	88
169	170	129
168	128	127
129	88	128
129	130	89
129	170	130
291	292	251
212	171	211
211	252	212
211	210	251
336	296	295
292	291	332
376	377	336
334	333	374
172	213	173
212	253	213
213	214	173
254	253	294
215	255	256
214	213	254
252	253	212
252	293	253
214	254	255
213	253	254
298	297	338
255	254	295
419	379	378
338	297	337
337	378	338
462	461	502
419	378	418
334	294	293
377	378	337
377	418	378
337	336	377
337	296	336
255	295	296
254	294	295
375	376	335
336	295	335
294	334	335
293	333	334
334	375	335
375	416	376
333	373	374
332	372	373
412	453	413
292	332	333
291	331	332
252	292	293
251	210	250
374	375	334
374	415	375
252	251	292
252	211	251
209	210	169
209	250	210
166	207	167
289	288	329
208	249	209
249	248	289
209	249	250
289	330	290
250	249	290
208	207	248
208	248	249
247	288	248
206	207	166
206	247	207
207	247	248
249	289	290
248	288	289
370	330	329
290	330	331
289	329	330
373	372	413
331	330	371
412	371	411
371	330	370
411	371	370
372	331	371
453	454	413
452	412	411
413	372	412
452	453	412
452	493	453
535	575	576
415	414	455
373	413	414
457	416	456
374	414	415
456	496	497
415	455	456
414	454	455
455	495	496
454	453	494
537	536	577
495	494	535
497	537	538
496	495	536
537	578	538
578	577	618
576	536	535
537	496	536
538	578	579
537	577	578
577	576	617
535	494	534
454	494	495
453	493	494
575	535	534
619	659	660
658	699	659
699	700	659
616	617	576
616	657	617
698	658	657
659	618	658
740	700	699
698	699	658
698	739	699
740	739	780
740	699	739
862	822	821
863	864	823
824	825	784
821	781	780
822	823	782
822	782	781
825	826	785
742	783	743
782	823	783
823	824	783
825	865	866
784	825	785
866	907	867
742	743	702
705	746	706
783	784	743
783	824	784
745	746	705
661	660	701
741	742	701
741	782	742
617	618	577
617	658	618
659	619	618
620	579	619
703	663	662
620	660	661
661	662	621
661	702	662
622	663	623
662	702	703
786	746	745
707	748	708
743	703	702
743	784	744
703	704	663
745	785	786
703	744	704
703	743	744
826	786	785
787	746	786
826	827	786
827	867	868
744	745	704
744	785	745
787	828	788
869	910	870
827	787	786
788	747	787
828	829	788
828	869	829
790	789	830
829	870	830
787	747	746
788	829	789
870	871	830
748	747	788
790	749	789
707	666	706
664	705	665
746	747	706
665	705	706
664	704	705
586	585	626
625	665	666
747	707	706
708	667	707
545	544	585
584	624	625
543	502	542
500	459	499
542	541	582
501	460	500
541	581	582
541	540	581
581	622	582
664	624	623
582	622	623
621	620	661
581	621	622
581	580	621
579	539	538
498	458	457
580	540	539
500	460	459
620	580	579
581	540	580
540	499	539
540	541	500
497	498	457
497	538	498
458	417	457
375	415	416
457	417	416
458	418	417
458	459	418
458	499	459
459	419	418
460	420	419
540	500	499
541	542	501
501	502	461
542	583	543
419	420	379
504	503	544
541	501	500
542	502	501
422	421	462
380	420	421
460	461	420
460	501	461
503	462	502
421	461	462
464	463	504
423	422	463
464	424	423
466	467	426
424	425	384
385	386	345
465	466	425
507	467	466
506	465	505
423	463	464
464	465	424
464	505	465
587	588	547
589	549	548
546	506	505
507	466	506
588	548	547
549	508	548
507	547	548
506	546	547
589	588	629
546	545	586
544	543	584
668	669	628
464	504	505
463	462	503
543	503	502
504	463	503
584	543	583
585	586	545
504	544	545
503	543	544
624	584	583
627	668	628
584	585	544
584	625	585
708	709	668
708	749	709
625	626	585
625	666	626
627	667	668
626	666	667
791	790	831
750	749	790
791	831	832
790	830	831
791	832	792
872	913	873
748	749	708
748	789	749
751	791	792
750	790	791
874	875	834
794	795	754
874	915	875
835	795	794
752	793	753
792	833	793
751	711	710
712	671	711
792	752	751
753	712	752
630	670	671
629	588	628
627	628	587
669	670	629
626	627	586
626	667	627
586	587	546
586	627	587
669	629	628
630	589	629
713	672	712
632	631	672
674	673	714
632	672	673
757	756	797
715	674	714
753	713	712
755	756	715
754	714	713
715	675	674
793	794	753
793	834	794
837	836	877
794	834	835
796	836	837
795	835	836
754	755	714
754	795	755
795	796	755
795	836	796
838	839	798
758	718	717
879	880	839
840	841	800
961	962	921
841	801	800
838	798	797
839	840	799
800	799	840
798	839	799
717	716	757
757	798	758
755	715	714
756	757	716
715	716	675
715	756	716
677	678	637
635	634	675
677	717	718
676	716	717
679	719	720
554	553	594
595	594	635
553	593	594
594	593	634
550	509	549
633	592	632
593	553	552
634	674	675
634	633	674
673	633	632
634	593	633
592	591	632
590	589	630
631	590	630
548	588	589
632	591	631
549	589	590
631	591	590
592	551	591
593	552	592
511	470	510
590	550	549
551	510	550
428	468	469
467	508	468
471	470	511
471	430	470
550	510	509
512	553	513
348	388	389
386	346	345
551	552	511
551	592	552
551	511	510
552	553	512
472	471	512
430	429	470
552	512	511
513	472	512
348	307	347
265	264	305
306	346	347
306	265	305
389	388	429
347	346	387
431	430	471
389	429	430
349	309	308
267	226	266
224	265	225
306	307	266
184	224	225
223	264	224
266	265	306
266	225	265
304	305	264
346	306	305
344	304	303
345	346	305
179	220	180
263	304	264
220	221	180
262	302	303
221	262	222
303	304	263
344	345	304
385	425	426
344	385	345
427	468	428
388	387	428
388	347	387
429	428	469
387	386	427
466	426	425
467	468	427
426	427	386
426	467	427
386	385	426
343	302	342
424	384	383
425	385	384
261	301	302
300	340	341
301	342	302
301	300	341
303	343	344
342	383	343
382	422	423
381	421	422
382	341	381
340	339	380
420	380	379
381	340	380
381	341	340
381	422	382
383	382	423
383	342	382
340	299	339
299	300	259
337	297	296
298	257	297
256	257	216
256	297	257
175	216	176
215	256	216
298	258	257
298	299	258
177	218	178
260	261	220
339	299	298
340	300	299
220	261	221
260	301	261
219	220	179
219	260	220
222	262	263
221	261	262
140	139	180
98	138	139
57	97	98
96	137	97
56	55	96
54	94	95
137	177	178
217	216	257
219	218	259
219	178	218
177	217	218
176	216	217
135	134	175
134	174	175
93	134	94
133	174	134
92	93	52
92	133	93
136	135	176
136	95	135
96	95	136
96	55	95
92	52	51
93	94	53
51	11	10
52	12	11
53	13	12
56	96	97
93	53	52
54	13	53
13	54	14
54	55	14
54	95	55
57	16	56
15	55	56
14	55	15
99	58	98
16	15	56
17	16	57
58	18	17
59	58	99
99	139	140
58	17	57
98	58	57
100	60	59
139	99	98
100	59	99
223	182	222
100	99	140
180	181	140
223	224	183
140	141	100
182	183	142
182	181	222
182	141	181
142	183	143
182	223	183
144	184	185
183	224	184
145	185	186
184	225	185
103	62	102
101	141	142
104	144	145
143	184	144
142	102	101
143	144	103
102	142	143
141	182	142
19	59	60
18	58	59
19	60	20
21	61	62
20	60	61
20	61	21
21	62	22
105	64	104
23	22	63
65	64	105
23	63	64
25	24	65
26	25	66
68	67	108
68	27	67
66	65	106
24	64	65
107	66	106
67	26	66
107	147	148
146	145	186
67	107	108
106	147	107
233	192	232
109	108	149
148	188	189
147	187	188
187	228	188
270	311	271
229	228	269
229	188	228
106	146	147
106	105	146
145	105	104
106	65	105
143	103	102
104	63	103
226	186	185
227	187	186
227	226	267
185	225	226
228	227	268
228	187	227
351	310	350
268	267	308
307	267	266
268	227	267
268	308	309
267	307	308
389	349	348
350	309	349
556	516	515
390	430	431
431	432	391
473	513	514
352	351	392
311	310	351
352	392	393
474	473	514
312	352	353
311	351	352
393	392	433
351	391	392
313	312	353
270	229	269
271	311	312
310	309	350
273	313	314
272	231	271
313	272	312
313	273	272
270	310	311
269	309	310
310	270	269
271	230	270
271	231	230
273	233	232
312	272	271
273	232	272
234	274	275
233	273	274
357	316	356
274	314	315
354	355	314
354	395	355
398	397	438
356	355	396
435	395	394
437	438	397
436	396	395
397	356	396
562	563	522
397	396	437
436	437	396
600	560	559
399	358	398
522	481	521
358	359	318
316	315	356
399	398	439
357	397	398
399	440	400
479	480	439
357	358	317
360	361	320
440	399	439
400	359	399
317	318	277
317	358	318
398	358	357
399	359	358
317	316	357
317	276	316
195	235	236
234	275	235
316	276	275
317	277	276
237	196	236
197	156	196
196	195	236
154	153	194
152	193	153
193	234	194
192	193	152
233	234	193
194	234	235
233	274	234
231	232	191
231	272	232
109	150	110
190	231	191
148	149	108
148	189	149
112	152	153
152	151	192
151	150	191
191	232	192
29	69	70
68	109	69
192	151	191
109	149	150
27	26	67
69	28	68
27	68	28
71	111	112
110	151	111
111	151	152
110	150	151
155	114	154
72	112	113
30	71	31
31	71	72
70	111	71
31	72	32
34	33	74
114	73	113
33	32	73
115	74	114
33	73	74
154	114	113
155	156	115
277	237	236
278	279	238
198	239	199
280	321	281
157	116	156
76	117	77
157	198	158
157	197	198
36	35	76
157	158	117
158	199	159
241	281	282
159	200	160
199	239	240
240	200	199
241	201	200
242	202	201
202	162	161
160	119	159
160	120	119
156	116	115
157	117	116
74	75	34
116	117	76
76	35	75
36	76	77
75	116	76
36	77	37
79	78	119
37	77	78
80	79	120
38	37	78
39	38	79
121	122	81
81	40	80
80	40	39
81	41	40
121	80	120
82	81	122
82	41	81
82	122	123
81	80	121
245	205	204
123	122	163
123	163	164
246	205	245
245	204	244
205	164	204
285	245	244
286	246	245
243	203	202
244	204	203
161	121	120
162	122	121
159	119	118
120	79	119
121	161	162
120	160	161
241	242	201
203	162	202
282	323	283
243	202	242
284	283	324
242	241	282
286	285	326
284	324	325
283	243	242
244	203	243
326	285	325
244	243	284
287	246	286
327	287	286
369	328	368
245	285	286
244	284	285
367	368	327
328	287	327
326	367	327
409	410	369
409	369	368
451	410	450
408	409	368
450	410	409
490	491	450
407	448	408
490	450	449
366	367	326
366	407	367
364	365	324
406	366	365
365	364	405
488	489	448
447	448	407
447	488	448
486	526	527
447	406	446
525	526	485
405	406	365
362	403	363
445	446	405
363	364	323
405	446	406
404	405	364
404	445	405
283	323	324
283	242	282
240	281	241
322	323	282
200	240	241
281	322	282
239	280	240
280	279	320
403	404	363
404	364	363
281	321	322
320	361	321
240	280	281
239	279	280
239	238	279
239	198	238
318	319	278
318	359	319
280	320	321
279	319	320
400	360	359
400	401	360
322	362	363
321	361	362
402	403	362
443	484	444
402	401	442
402	361	401
525	485	484
445	404	444
403	443	444
402	442	443
442	482	483
441	440	481
525	524	565
523	522	563
567	526	566
484	524	525
607	606	647
564	563	604
647	646	687
647	606	646
647	648	607
689	729	730
566	565	606
524	523	564
527	526	567
566	607	567
568	608	609
607	648	608
609	649	650
689	688	729
691	732	692
653	694	654
529	528	569
568	609	569
652	612	611
569	609	610
570	529	569
487	446	486
566	526	525
567	568	527
444	485	445
444	484	485
485	486	445
485	526	486
528	527	568
528	487	527
447	487	488
486	527	487
571	530	570
488	528	529
489	530	490
652	611	651
529	489	488
573	572	613
529	530	489
529	570	530
531	491	490
492	451	491
532	492	491
531	532	491
530	531	490
530	571	531
492	532	533
531	572	532
573	613	614
572	571	612
533	573	574
532	572	573
615	614	655
695	654	694
695	655	654
656	615	655
693	653	652
654	613	653
611	612	571
653	613	612
611	571	570
572	531	571
610	611	570
610	651	611
692	652	651
653	612	652
692	733	693
734	735	694
817	776	816
774	773	814
819	779	778
736	735	776
734	694	693
735	736	695
735	695	694
737	738	697
695	696	655
695	736	696
696	697	656
696	737	697
738	778	779
818	777	817
736	737	696
736	777	737
737	777	778
736	776	777
859	819	818
778	777	818
859	860	819
860	820	819
779	819	820
900	860	859
901	861	860
820	860	861
858	859	818
899	898	939
818	817	858
776	775	816
857	816	856
775	774	815
896	856	855
898	858	857
897	857	856
858	817	857
816	815	856
816	775	815
854	855	814
856	815	855
894	854	853
855	815	814
734	774	775
734	733	774
854	814	813
815	774	814
693	733	734
693	652	692
650	691	651
691	690	731
649	690	650
649	648	689
651	691	692
650	690	691
692	732	733
691	731	732
771	772	731
813	773	772
770	771	730
771	731	730
690	689	730
690	649	689
647	687	688
646	645	686
729	770	730
853	852	893
728	769	729
810	851	811
770	811	771
770	810	811
812	853	813
894	935	895
772	812	813
811	852	812
813	853	854
812	852	853
687	686	727
767	808	768
769	809	810
767	766	807
891	850	890
889	848	888
811	851	852
810	850	851
809	849	850
808	767	807
808	807	848
807	806	847
848	807	847
765	805	806
849	808	848
766	806	807
809	808	849
809	768	808
726	725	766
724	765	725
765	764	805
765	724	764
639	679	680
723	764	724
683	684	643
683	724	684
681	722	682
763	764	723
645	685	686
684	725	685
768	727	767
768	728	727
768	769	728
768	809	769
646	686	687
685	726	686
687	727	728
686	726	727
606	605	646
606	565	605
684	644	643
685	645	644
523	563	564
603	604	563
481	480	521
436	477	437
565	564	605
565	524	564
483	523	524
482	522	523
480	440	439
441	400	440
482	481	522
439	438	479
441	481	482
440	480	481
561	521	520
562	522	521
480	520	521
479	478	519
437	478	438
520	480	479
438	478	479
518	517	558
437	477	478
435	394	434
479	519	520
478	477	518
478	518	519
477	517	518
603	562	602
603	563	562
519	560	520
602	562	561
561	560	601
561	520	560
602	642	643
641	682	642
680	640	639
640	599	639
599	598	639
557	517	516
599	558	598
559	560	519
599	559	558
599	600	559
560	600	601
599	640	600
436	476	477
434	433	474
436	435	476
436	395	435
476	475	516
476	435	475
476	516	517
514	513	554
517	557	558
556	597	557
475	515	516
475	434	474
472	473	432
515	475	474
431	472	432
431	471	472
433	473	474
472	513	473
555	514	554
515	474	514
636	595	635
554	594	595
595	555	554
556	515	555
638	639	598
598	557	597
556	596	597
555	595	596
637	638	597
678	719	679
595	636	596
635	676	636
717	677	676
718	719	678
637	678	638
677	718	678
636	637	596
636	677	637
678	679	638
680	681	640
720	680	679
721	761	762
641	681	682
680	720	721
723	722	763
723	682	722
681	721	722
720	761	721
801	802	761
804	845	805
842	843	802
844	845	804
843	803	802
804	763	803
844	804	803
805	764	804
801	842	802
845	846	805
885	845	844
886	846	845
883	843	842
843	883	884
841	842	801
880	840	839
758	759	718
758	799	759
720	760	761
759	800	760
760	800	801
759	799	800
841	882	842
924	925	884
842	882	883
964	1005	965
964	965	924
968	928	927
924	965	925
1005	1046	1006
843	884	844
926	927	886
886	887	846
928	929	888
885	926	886
1007	966	1006
844	884	885
883	924	884
925	926	885
967	966	1007
967	968	927
969	928	968
969	970	929
1095	1054	1094
969	1010	970
969	968	1009
1090	1091	1050
1051	1011	1010
1092	1091	1132
1011	970	1010
1048	1008	1007
1009	968	1008
925	966	926
1008	968	967
965	966	925
1048	1047	1088
965	1006	966
965	1005	1006
1047	1007	1006
1008	967	1007
1047	1048	1007
1049	1009	1008
1089	1049	1048
1089	1130	1090
1212	1213	1172
1090	1049	1089
1132	1091	1131
1051	1052	1011
1170	1130	1129
1131	1090	1130
1213	1212	1253
1171	1211	1212
1256	1215	1255
1213	1253	1254
1214	1213	1254
1172	1171	1212
1173	1172	1213
1131	1171	1172
1174	1173	1214
1173	1213	1214
1092	1132	1133
1131	1172	1132
1215	1174	1214
1132	1172	1173
1295	1255	1254
1296	1256	1255
1216	1175	1215
1133	1132	1173
1297	1257	1256
1298	1299	1258
1134	1133	1174
1093	1092	1133
1131	1091	1090
1092	1052	1051
1049	1050	1009
1049	1090	1050
1050	1051	1010
1050	1091	1051
1052	1092	1093
1051	1091	1092
1135	1134	1175
1093	1133	1134
1176	1136	1135
1095	1094	1135
1176	1177	1136
1137	1096	1136
1217	1177	1176
1259	1260	1219
1217	1176	1216
1134	1174	1175
1257	1217	1216
1259	1219	1218
1297	1338	1298
1300	1259	1299
1175	1176	1135
1175	1216	1176
1257	1258	1217
1257	1298	1258
1300	1260	1259
1261	1221	1220
1340	1341	1300
1342	1343	1302
1300	1341	1301
1262	1221	1261
1218	1219	1178
1260	1261	1220
1139	1179	1180
1219	1260	1220
1137	1178	1138
1219	1220	1179
1217	1218	1177
1217	1258	1218
1177	1137	1136
1016	1057	1017
1138	1097	1137
1140	1181	1141
1177	1178	1137
1177	1218	1178
1014	1055	1015
1097	1057	1056
974	1015	975
1056	1057	1016
972	1012	1013
1012	1052	1053
1096	1055	1095
1056	1015	1055
1136	1096	1095
1097	1056	1096
1134	1094	1093
1095	1055	1054
1093	1053	1052
1054	1014	1013
1013	1012	1053
971	1011	1012
974	973	1014
1014	973	1013
1053	1054	1013
1053	1094	1054
932	931	972
971	1012	972
931	890	930
930	970	971
889	888	929
848	847	888
930	889	929
849	848	889
970	930	929
971	972	931
891	890	931
849	889	890
971	931	930
932	891	931
932	973	933
1014	1015	974
933	892	932
851	850	891
972	973	932
972	1013	973
851	892	852
851	891	892
933	893	892
934	894	893
893	894	853
935	936	895
976	936	935
1019	1020	979
894	934	935
893	933	934
1056	1016	1015
1017	976	1016
1017	1058	1018
1098	1097	1138
1018	977	1017
935	975	976
976	977	936
976	1017	977
979	978	1019
937	936	977
1100	1101	1060
1060	1019	1059
1100	1060	1059
1061	1020	1060
980	939	979
938	978	979
1101	1061	1060
1102	1103	1062
939	938	979
897	856	896
938	937	978
897	898	857
894	895	854
936	937	896
895	896	855
895	936	896
937	897	896
938	898	897
938	939	898
979	1020	980
1021	980	1020
941	942	901
900	899	940
939	980	940
941	900	940
858	898	899
901	900	941
859	899	900
902	901	942
860	900	901
861	901	902
902	942	943
981	941	940
982	942	941
1024	984	983
980	981	940
983	984	943
1023	983	982
1187	1147	1146
1023	1024	983
1023	1064	1024
1024	1025	984
1024	1065	1025
981	1021	1022
1062	1103	1063
982	981	1022
982	941	981
1061	1021	1020
1022	1023	982
1062	1022	1021
1063	1023	1022
1061	1062	1021
1061	1102	1062
1144	1104	1103
1105	1064	1104
1185	1145	1144
1146	1105	1145
1065	1106	1066
1269	1228	1268
1105	1065	1064
1066	1025	1065
1145	1105	1104
1146	1147	1106
1146	1106	1105
1147	1107	1106
1106	1107	1066
1188	1187	1228
1147	1148	1107
1147	1188	1148
1148	1188	1189
1147	1187	1188
1230	1229	1270
1188	1228	1229
1189	1229	1230
1310	1270	1269
1271	1230	1270
1309	1310	1269
1270	1229	1269
1268	1309	1269
1350	1351	1310
1187	1227	1228
1226	1266	1267
1185	1186	1145
1227	1187	1186
1226	1267	1227
1309	1350	1310
1266	1307	1267
1266	1265	1306
1308	1309	1268
1308	1349	1309
1186	1226	1227
1184	1143	1183
1223	1222	1263
1307	1347	1348
1266	1225	1265
1225	1185	1184
1225	1184	1224
1142	1182	1183
1265	1225	1224
1184	1144	1143
1226	1185	1225
1226	1186	1185
1103	1143	1144
1102	1142	1143
1058	1099	1059
1142	1102	1101
1099	1100	1059
1141	1101	1100
1224	1184	1183
1185	1144	1184
1101	1141	1142
1100	1099	1140
1057	1098	1058
1139	1138	1179
1058	1098	1099
1057	1097	1098
1098	1139	1099
1098	1138	1139
1100	1140	1141
1099	1139	1140
1221	1222	1181
1263	1304	1264
1183	1223	1224
1182	1222	1223
1224	1264	1265
1303	1262	1302
1223	1263	1264
1222	1262	1263
1344	1303	1343
1262	1261	1302
1343	1303	1302
1304	1263	1303
1301	1342	1302
1386	1385	1426
1384	1425	1385
1345	1304	1344
1343	1384	1344
1426	1466	1467
1344	1384	1385
1546	1505	1545
1507	1508	1467
1425	1424	1465
1507	1467	1466
1551	1552	1511
1466	1426	1425
1386	1427	1387
1467	1468	1427
1548	1549	1508
1387	1346	1386
1346	1345	1386
1426	1427	1386
1426	1467	1427
1430	1390	1389
1428	1468	1469
1428	1387	1427
1430	1429	1470
1468	1428	1427
1470	1471	1430
1307	1306	1347
1346	1387	1347
1385	1345	1344
1305	1264	1304
1344	1304	1303
1345	1346	1305
1345	1305	1304
1346	1347	1306
1305	1306	1265
1305	1346	1306
1387	1388	1347
1387	1428	1388
1388	1389	1348
1388	1429	1389
1267	1307	1308
1347	1388	1348
1308	1307	1348
1266	1306	1307
1309	1349	1350
1308	1348	1349
1310	1311	1270
1310	1351	1311
1271	1311	1312
1353	1352	1393
1312	1352	1353
1433	1432	1473
1391	1431	1432
1475	1434	1474
1392	1432	1433
1393	1434	1394
1434	1475	1435
1475	1516	1476
1474	1434	1433
1435	1394	1434
1514	1515	1474
1476	1435	1475
1433	1473	1474
1432	1431	1472
1512	1472	1471
1473	1432	1472
1428	1429	1388
1428	1469	1429
1390	1430	1431
1389	1429	1430
1469	1470	1429
1510	1551	1511
1515	1514	1555
1474	1473	1514
1678	1638	1637
1514	1513	1554
1639	1598	1638
1557	1558	1517
1597	1556	1596
1514	1554	1555
1637	1597	1596
1598	1558	1557
1517	1516	1557
1475	1474	1515
1476	1516	1517
1515	1556	1516
1598	1599	1558
1556	1515	1555
1516	1475	1515
1596	1556	1555
1557	1516	1556
1597	1598	1557
1597	1638	1598
1598	1639	1599
1680	1681	1640
1637	1638	1597
1680	1640	1639
1679	1639	1638
1640	1599	1639
1680	1639	1679
1555	1595	1596
1678	1679	1638
1594	1595	1554
1636	1596	1595
1596	1636	1637
1677	1678	1637
1677	1636	1676
1677	1637	1636
1636	1635	1676
1634	1674	1675
1633	1634	1593
1675	1676	1635
1593	1594	1553
1635	1636	1595
1634	1635	1594
1634	1675	1635
1593	1553	1552
1554	1513	1553
1470	1511	1471
1553	1513	1512
1512	1511	1552
1512	1471	1511
1470	1510	1511
1469	1468	1509
1592	1593	1552
1592	1633	1593
1591	1550	1590
1551	1510	1550
1510	1509	1550
1510	1469	1509
1548	1508	1507
1506	1465	1505
1509	1508	1549
1509	1468	1508
1550	1549	1590
1550	1509	1549
1631	1591	1590
1592	1551	1591
1591	1632	1592
1674	1634	1633
1633	1673	1674
1632	1591	1631
1633	1632	1673
1633	1592	1632
1631	1671	1672
1587	1628	1588
1628	1669	1629
1590	1630	1631
1629	1670	1630
1630	1670	1671
1629	1669	1670
1585	1586	1545
1667	1627	1626
1667	1626	1666
1627	1586	1626
1588	1628	1629
1627	1668	1628
1628	1668	1669
1627	1667	1668
1587	1546	1586
1464	1465	1424
1543	1584	1544
1626	1586	1585
1542	1543	1502
1585	1545	1544
1502	1503	1462
1544	1545	1504
1586	1546	1545
1506	1507	1466
1463	1504	1464
1546	1547	1506
1547	1587	1588
1586	1627	1587
1590	1589	1630
1590	1549	1589
1587	1547	1546
1588	1589	1548
1588	1548	1547
1589	1549	1548
1546	1506	1505
1547	1507	1506
1425	1465	1466
1424	1423	1464
1422	1381	1421
1382	1341	1381
1463	1464	1423
1424	1383	1423
1422	1463	1423
1505	1465	1464
1342	1383	1343
1424	1425	1384
1341	1342	1301
1383	1384	1343
1261	1301	1302
1260	1300	1301
1299	1340	1300
1382	1342	1341
1382	1383	1342
1382	1423	1383
1298	1339	1299
1381	1341	1340
1379	1380	1339
1380	1340	1339
1420	1380	1379
1381	1340	1380
1419	1460	1420
1420	1421	1380
1422	1421	1462
1381	1380	1421
1378	1418	1419
1501	1502	1461
1463	1422	1462
1423	1382	1422
1503	1463	1462
1504	1505	1464
1461	1502	1462
1501	1542	1502
1503	1504	1463
1503	1544	1504
1421	1461	1462
1460	1500	1501
1420	1460	1461
1378	1379	1338
1377	1418	1378
1458	1457	1498
1379	1419	1420
1418	1459	1419
1460	1459	1500
1460	1419	1459
1336	1377	1337
1419	1379	1378
1378	1338	1337
1379	1339	1338
1296	1295	1336
1254	1253	1294
1254	1294	1295
1376	1417	1377
1337	1377	1378
1336	1335	1376
1336	1376	1377
1375	1416	1376
1376	1335	1375
1336	1295	1335
1293	1294	1253
1335	1295	1294
1331	1332	1291
1334	1294	1293
1335	1334	1375
1335	1294	1334
1418	1417	1458
1414	1373	1413
1416	1417	1376
1416	1457	1417
1459	1458	1499
1459	1418	1458
1538	1539	1498
1458	1417	1457
1579	1620	1580
1499	1458	1498
1497	1538	1498
1584	1624	1625
1538	1579	1539
1625	1666	1626
1541	1581	1582
1539	1499	1498
1539	1580	1540
1499	1540	1500
1499	1539	1540
1500	1541	1501
1583	1624	1584
1503	1543	1544
1542	1583	1543
1585	1584	1625
1542	1541	1582
1501	1541	1542
1540	1581	1541
1543	1583	1584
1582	1623	1583
1580	1621	1581
1665	1666	1625
1623	1624	1583
1623	1664	1624
1585	1625	1626
1624	1665	1625
1622	1663	1623
1664	1665	1624
1582	1622	1623
1621	1661	1662
1542	1582	1583
1581	1622	1582
1581	1621	1622
1620	1579	1619
1622	1621	1662
1623	1663	1664
1622	1662	1663
1659	1619	1618
1620	1621	1580
1660	1620	1619
1661	1621	1620
1658	1659	1618
1659	1660	1619
1537	1538	1497
1579	1580	1539
1457	1497	1498
1496	1537	1497
1535	1536	1495
1536	1577	1537
1536	1537	1496
1578	1538	1537
1578	1579	1538
1578	1619	1579
1494	1535	1495
1535	1576	1536
1453	1452	1493
1534	1575	1535
1493	1534	1494
1577	1618	1578
1494	1534	1535
1493	1492	1533
1575	1576	1535
1575	1616	1576
1615	1616	1575
1615	1656	1616
1576	1577	1536
1576	1617	1577
1657	1617	1616
1618	1577	1617
1656	1657	1616
1657	1658	1617
1655	1656	1615
1574	1615	1575
1614	1655	1615
1534	1574	1575
1573	1572	1613
1532	1572	1573
1613	1654	1614
1654	1655	1614
1653	1654	1613
1612	1611	1652
1570	1611	1571
1652	1653	1612
1532	1531	1572
1528	1487	1527
1572	1612	1613
1571	1611	1612
1491	1531	1532
1489	1448	1488
1531	1530	1571
1531	1490	1530
1530	1529	1570
1488	1447	1487
1530	1489	1529
1449	1490	1450
1529	1489	1488
1530	1490	1489
1490	1491	1450
1490	1531	1491
1614	1573	1613
1531	1571	1572
1574	1573	1614
1574	1533	1573
1491	1492	1451
1491	1532	1492
1493	1533	1534
1532	1573	1533
1453	1412	1452
1411	1410	1451
1371	1411	1412
1369	1368	1409
1409	1410	1369
1450	1451	1410
1366	1406	1407
1366	1365	1406
1411	1451	1452
1450	1491	1451
1408	1449	1409
1489	1490	1449
1488	1448	1447
1489	1449	1448
1407	1406	1447
1365	1324	1364
1449	1408	1448
1367	1368	1327
1368	1408	1409
1407	1448	1408
1408	1367	1407
1367	1327	1326
1323	1324	1283
1365	1366	1325
1325	1284	1324
1285	1244	1284
1286	1285	1326
1286	1245	1285
1365	1325	1324
1326	1327	1286
1366	1326	1325
1366	1367	1326
1407	1367	1366
1408	1368	1367
1370	1369	1410
1370	1329	1369
1247	1287	1288
1246	1286	1287
1288	1329	1289
1328	1369	1329
1330	1289	1329
1247	1246	1287
1251	1292	1252
1209	1210	1169
1332	1333	1292
1290	1289	1330
1248	1288	1289
1287	1328	1288
1371	1330	1370
1331	1290	1330
1371	1412	1372
1411	1452	1412
1495	1454	1494
1494	1454	1453
1412	1453	1413
1495	1496	1455
1411	1371	1370
1372	1331	1371
1414	1413	1454
1415	1416	1375
1455	1414	1454
1415	1375	1374
1495	1455	1454
1496	1497	1456
1457	1456	1497
1457	1416	1456
1414	1374	1373
1375	1334	1374
1414	1415	1374
1414	1455	1415
1372	1373	1332
1334	1293	1333
1413	1373	1372
1374	1333	1373
1331	1291	1290
1292	1293	1252
1332	1292	1291
1333	1293	1292
1372	1332	1331
1373	1333	1332
1169	1168	1209
1127	1128	1087
1170	1169	1210
1170	1129	1169
1250	1209	1249
1250	1251	1210
1211	1251	1252
1210	1209	1250
1208	1249	1209
1248	1289	1249
1248	1247	1288
1248	1207	1247
1166	1165	1206
1163	1122	1162
1168	1208	1209
1207	1248	1208
1290	1250	1249
1291	1251	1250
1167	1166	1207
1128	1168	1169
1166	1125	1165
1166	1167	1126
1043	1003	1002
1082	1123	1083
1046	1045	1086
1084	1125	1085
1084	1124	1125
1123	1164	1124
1168	1127	1167
1085	1125	1126
1086	1127	1087
1126	1167	1127
1168	1128	1127
1169	1129	1128
1046	1086	1087
1085	1126	1086
1048	1088	1089
1087	1128	1088
1047	1046	1087
1045	1085	1086
1005	1045	1046
1005	964	1004
1001	1002	961
962	961	1002
924	923	964
923	882	922
1005	1004	1045
963	962	1003
964	923	963
924	883	923
883	882	923
841	840	881
838	879	839
922	963	923
841	881	882
921	962	922
880	921	881
962	963	922
881	921	922
880	879	920
918	959	919
961	921	920
878	879	838
878	919	879
959	1000	960
999	958	998
1043	1044	1003
961	960	1001
1042	1002	1001
1044	1004	1003
1002	1003	962
1002	1042	1043
1085	1044	1084
1085	1045	1044
1041	1042	1001
1083	1084	1043
1083	1043	1042
1084	1044	1043
1001	1000	1041
1001	960	1000
1080	1040	1039
1081	1041	1040
916	915	956
958	999	959
919	959	960
918	917	958
959	999	1000
998	1039	999
920	919	960
920	879	919
878	918	919
874	834	833
877	876	917
877	836	876
875	916	876
958	959	918
957	958	917
957	998	958
835	875	876
833	832	873
873	874	833
913	954	914
831	872	832
913	914	873
955	915	914
915	874	914
955	956	915
957	917	916
996	997	956
957	916	956
876	916	917
875	915	916
957	997	998
956	955	996
954	955	914
954	994	995
954	995	955
1036	1077	1037
1117	1118	1077
1120	1161	1121
1077	1118	1078
1160	1161	1120
997	1037	1038
1078	1119	1079
1079	1038	1078
997	996	1037
998	1038	1039
1037	1078	1038
1079	1080	1039
1081	1082	1041
1121	1081	1080
1121	1122	1081
1163	1123	1122
1123	1082	1122
1080	1120	1121
1119	1160	1120
1203	1162	1202
1122	1121	1162
1164	1163	1204
1164	1123	1163
1205	1164	1204
1165	1124	1164
1207	1206	1247
1207	1166	1206
1205	1204	1245
1163	1162	1203
1206	1205	1246
1206	1165	1205
1205	1245	1246
1203	1202	1243
1245	1244	1285
1245	1204	1244
1204	1203	1244
1204	1163	1203
1201	1242	1202
1201	1241	1242
1244	1243	1284
1244	1203	1243
1239	1199	1198
1200	1201	1160
1240	1200	1199
1241	1201	1200
1321	1320	1361
1281	1282	1241
1280	1240	1239
1281	1241	1240
1278	1238	1237
1238	1198	1197
1276	1236	1235
1237	1196	1236
1236	1196	1195
1114	1115	1074
1237	1197	1196
1237	1238	1197
1198	1238	1239
1278	1277	1318
1115	1155	1156
1197	1198	1157
1115	1114	1155
1114	1154	1155
1153	1154	1113
1195	1155	1154
1113	1114	1073
1113	1154	1114
1157	1116	1156
1074	1073	1114
1156	1116	1115
1157	1117	1116
1197	1157	1156
1198	1158	1157
1199	1159	1158
1200	1160	1159
1076	1117	1077
1076	1116	1117
1158	1118	1117
1159	1119	1118
1037	1077	1078
1036	1035	1076
1075	1074	1115
1075	1034	1074
994	993	1034
994	953	993
1076	1035	1075
1036	995	1035
1036	1076	1077
1075	1116	1076
996	995	1036
996	955	995
832	872	873
831	830	871
912	871	911
872	831	871
952	912	911
953	913	912
911	951	952
950	991	951
827	868	828
909	908	949
828	868	869
827	826	867
908	867	907
908	868	867
869	909	910
868	908	909
989	990	949
950	909	949
1031	990	1030
991	992	951
1031	991	990
1032	1073	1033
993	1033	1034
992	991	1032
992	1032	1033
1031	1072	1032
1073	1072	1113
1073	1032	1072
990	989	1030
948	947	988
989	988	1029
945	944	985
988	947	987
865	864	905
907	947	948
906	865	905
1028	988	987
989	948	988
824	865	825
824	823	864
947	907	906
906	866	865
904	864	863
865	824	864
904	905	864
946	947	906
946	906	905
907	866	906
946	945	986
1232	1191	1231
903	904	863
945	905	904
862	863	822
862	903	863
904	903	944
986	945	985
1026	986	985
1027	1028	987
987	946	986
1068	1028	1027
1029	988	1028
1108	1068	1067
1026	1027	986
1068	1108	1109
1191	1192	1151
1149	1109	1108
1111	1071	1070
1026	1067	1027
1067	1068	1027
1069	1110	1070
1109	1069	1068
1070	1029	1069
1111	1152	1112
1071	1030	1070
1151	1152	1111
1192	1193	1152
1109	1110	1069
1151	1192	1152
1110	1111	1070
1110	1151	1111
1109	1150	1110
1150	1149	1190
1152	1153	1112
1152	1193	1153
1234	1194	1193
1195	1154	1194
1274	1234	1233
1235	1194	1234
1315	1274	1314
1315	1275	1274
1273	1232	1272
1233	1192	1232
1190	1191	1150
1232	1192	1191
1110	1150	1151
1109	1149	1150
1231	1191	1190
1272	1232	1231
1313	1273	1272
1274	1273	1314
1274	1233	1273
1314	1313	1354
1314	1273	1313
1355	1315	1314
1316	1275	1315
1436	1396	1395
1397	1437	1438
1519	1560	1520
1397	1438	1398
1520	1560	1561
1316	1356	1357
1355	1396	1356
1357	1397	1398
1396	1437	1397
1606	1566	1565
1398	1438	1439
1400	1440	1441
1563	1603	1604
1482	1523	1483
1484	1444	1443
1359	1318	1358
1398	1439	1399
1440	1400	1399
1441	1401	1400
1317	1358	1318
1357	1398	1358
1277	1276	1317
1316	1357	1317
1234	1275	1235
1234	1274	1275
1275	1276	1235
1317	1318	1277
1319	1278	1318
1237	1236	1277
1359	1319	1318
1442	1401	1441
1399	1359	1358
1400	1360	1359
1280	1279	1320
1239	1238	1279
1277	1278	1237
1319	1320	1279
1278	1279	1238
1278	1319	1279
1282	1281	1322
1239	1279	1280
1280	1281	1240
1280	1321	1281
1321	1362	1322
1444	1485	1445
1281	1321	1322
1280	1320	1321
1321	1361	1362
1360	1401	1361
1363	1364	1323
1445	1485	1486
1363	1404	1364
1446	1487	1447
1404	1445	1405
1486	1487	1446
1364	1404	1405
1404	1444	1445
1446	1445	1486
1404	1363	1403
1361	1402	1362
1443	1442	1483
1362	1363	1322
1362	1403	1363
1403	1402	1443
1361	1401	1402
1404	1403	1444
1362	1402	1403
1403	1443	1444
1402	1401	1442
1482	1522	1523
1565	1566	1525
1481	1440	1480
1605	1606	1565
1564	1565	1524
1564	1605	1565
1482	1442	1441
1443	1402	1442
1481	1522	1482
1524	1525	1484
1444	1484	1485
1443	1483	1484
1485	1525	1526
1524	1565	1525
1567	1568	1527
1610	1611	1570
1529	1528	1569
1529	1488	1528
1608	1568	1567
1569	1528	1568
1568	1609	1569
1651	1611	1610
1530	1570	1571
1569	1610	1570
1651	1652	1611
1610	1609	1650
1610	1569	1609
1651	1610	1650
1650	1609	1649
1607	1608	1567
1649	1609	1608
1606	1607	1566
1606	1646	1647
1648	1607	1647
1649	1608	1648
1604	1605	1564
1604	1645	1605
1646	1605	1645
1522	1562	1563
1478	1438	1437
1523	1522	1563
1479	1439	1438
1564	1563	1604
1564	1523	1563
1524	1523	1564
1524	1483	1523
1442	1482	1483
1441	1440	1481
1441	1481	1482
1440	1439	1480
1479	1480	1439
1521	1481	1480
1522	1521	1562
1522	1481	1521
1480	1520	1521
1479	1438	1478
1436	1477	1437
1520	1480	1479
1479	1478	1519
1437	1477	1478
1518	1519	1478
1479	1519	1520
1478	1477	1518
1559	1519	1518
1560	1559	1600
1560	1519	1559
1643	1644	1603
1562	1561	1602
1562	1521	1561
1643	1602	1642
