1	2	23	22
1	22	463	442
1	442	443	2
2	3	24	23
2	443	444	3
3	4	25	24
3	444	445	4
4	5	26	25
4	445	446	5
5	6	27	26
5	446	447	6
6	7	28	27
6	447	448	7
7	8	29	28
7	448	449	8
8	9	30	29
8	449	450	9
9	10	31	30
9	450	451	10
10	11	32	31
10	451	452	11
11	12	33	32
11	452	453	12
12	13	34	33
12	453	454	13
13	14	35	34
13	454	455	14
14	15	36	35
14	455	456	15
15	16	37	36
15	456	457	16
16	17	38	37
16	457	458	17
17	18	39	38
17	458	459	18
18	19	40	39
18	459	460	19
19	20	41	40
19	460	461	20
20	21	42	41
20	461	462	21
21	42	483	462
22	23	44	43
22	43	484	463
23	24	45	44
24	25	46	45
25	26	47	46
26	27	48	47
27	28	49	48
28	29	50	49
29	30	51	50
30	31	52	51
31	32	53	52
32	33	54	53
33	34	55	54
34	35	56	55
35	36	57	56
36	37	58	57
37	38	59	58
38	39	60	59
39	40	61	60
40	41	62	61
41	42	63	62
42	63	504	483
43	44	65	64
43	64	505	484
44	45	66	65
45	46	67	66
46	47	68	67
47	48	69	68
48	49	70	69
49	50	71	70
50	51	72	71
51	52	73	72
52	53	74	73
53	54	75	74
54	55	76	75
55	56	77	76
56	57	78	77
57	58	79	78
58	59	80	79
59	60	81	80
60	61	82	81
61	62	83	82
62	63	84	83
63	84	525	504
64	65	86	85
64	85	526	505
65	66	87	86
66	67	88	87
67	68	89	88
68	69	90	89
69	70	91	90
70	71	92	91
71	72	93	92
72	73	94	93
73	74	95	94
74	75	96	95
75	76	97	96
76	77	98	97
77	78	99	98
78	79	100	99
79	80	101	100
80	81	102	101
81	82	103	102
82	83	104	103
83	84	105	104
84	105	546	525
85	86	107	106
85	106	547	526
86	87	108	107
87	88	109	108
88	89	110	109
89	90	111	110
90	91	112	111
91	92	113	112
92	93	114	113
93	94	115	114
94	95	116	115
95	96	117	116
96	97	118	117
97	98	119	118
98	99	120	119
99	100	121	120
100	101	122	121
101	102	123	122
102	103	124	123
103	104	125	124
104	105	126	125
105	126	567	546
106	107	128	127
106	127	568	547
107	108	129	128
108	109	130	129
109	110	131	130
110	111	132	131
111	112	133	132
112	113	134	133
113	114	135	134
114	115	136	135
115	116	137	136
116	117	138	137
117	118	139	138
118	119	140	139
119	120	141	140
120	121	142	141
121	122	143	142
122	123	144	143
123	124	145	144
124	125	146	145
125	126	147	146
126	147	588	567
127	128	149	148
127	148	589	568
128	129	150	149
129	130	151	150
130	131	152	151
131	132	153	152
132	133	154	153
133	134	155	154
134	135	156	155
135	136	157	156
136	137	158	157
137	138	159	158
138	139	160	159
139	140	161	160
140	141	162	161
141	142	163	162
142	143	164	163
143	144	165	164
144	145	166	165
145	146	167	166
146	147	168	167
147	168	609	588
148	149	170	169
148	169	610	589
149	150	171	170
150	151	172	171
151	152	173	172
152	153	174	173
153	154	175	174
154	155	176	175
155	156	177	176
156	157	178	177
157	158	179	178
158	159	180	179
159	160	181	180
160	161	182	181
161	162	183	182
162	163	184	183
163	164	185	184
164	165	186	185
165	166	187	186
166	167	188	187
167	168	189	188
168	189	630	609
169	170	191	190
169	190	631	610
170	171	192	191
171	172	193	192
172	173	194	193
173	174	195	194
174	175	196	195
175	176	197	196
176	177	198	197
177	178	199	198
178	179	200	199
179	180	201	200
180	181	202	201
181	182	203	202
182	183	204	203
183	184	205	204
184	185	206	205
185	186	207	206
186	187	208	207
187	188	209	208
188	189	210	209
189	210	651	630
190	191	212	211
190	211	652	631
191	192	213	212
192	193	214	213
193	194	215	214
194	195	216	215
195	196	217	216
196	197	218	217
197	198	219	218
198	199	220	219
199	200	221	220
200	201	222	221
201	202	223	222
202	203	224	223
203	204	225	224
204	205	226	225
205	206	227	226
206	207	228	227
207	208	229	228
208	209	230	229
209	210	231	230
210	231	672	651
211	212	233	232
211	232	673	652
212	213	234	233
213	214	235	234
214	215	236	235
215	216	237	236
216	217	238	237
217	218	239	238
218	219	240	239
219	220	241	240
220	221	242	241
221	222	243	242
222	223	244	243
223	224	245	244
224	225	246	245
225	226	247	246
226	227	248	247
227	228	249	248
228	229	250	249
229	230	251	250
230	231	252	251
231	252	693	672
232	233	254	253
232	253	694	673
233	234	255	254
234	235	256	255
235	236	257	256
236	237	258	257
237	238	259	258
238	239	260	259
239	240	261	260
240	241	262	261
241	242	263	262
242	243	264	263
243	244	265	264
244	245	266	265
245	246	267	266
246	247	268	267
247	248	269	268
248	249	270	269
249	250	271	270
250	251	272	271
251	252	273	272
252	273	714	693
253	254	275	274
253	274	715	694
254	255	276	275
255	256	277	276
256	257	278	277
257	258	279	278
258	259	280	279
259	260	281	280
260	261	282	281
261	262	283	282
262	263	284	283
263	264	285	284
264	265	286	285
265	266	287	286
266	267	288	287
267	268	289	288
268	269	290	289
269	270	291	290
270	271	292	291
271	272	293	292
272	273	294	293
273	294	735	714
274	275	296	295
274	295	736	715
275	276	297	296
276	277	298	297
277	278	299	298
278	279	300	299
279	280	301	300
280	281	302	301
281	282	303	302
282	283	304	303
283	284	305	304
284	285	306	305
285	286	307	306
286	287	308	307
287	288	309	308
288	289	310	309
289	290	311	310
290	291	312	311
291	292	313	312
292	293	314	313
293	294	315	314
294	315	756	735
295	296	317	316
295	316	757	736
296	297	318	317
297	298	319	318
298	299	320	319
299	300	321	320
300	301	322	321
301	302	323	322
302	303	324	323
303	304	325	324
304	305	326	325
305	306	327	326
306	307	328	327
307	308	329	328
308	309	330	329
309	310	331	330
310	311	332	331
311	312	333	332
312	313	334	333
313	314	335	334
314	315	336	335
315	336	777	756
316	317	338	337
316	337	778	757
317	318	339	338
318	319	340	339
319	320	341	340
320	321	342	341
321	322	343	342
322	323	344	343
323	324	345	344
324	325	346	345
325	326	347	346
326	327	348	347
327	328	349	348
328	329	350	349
329	330	351	350
330	331	352	351
331	332	353	352
332	333	354	353
333	334	355	354
334	335	356	355
335	336	357	356
336	357	798	777
337	338	359	358
337	358	799	778
338	339	360	359
339	340	361	360
340	341	362	361
341	342	363	362
342	343	364	363
343	344	365	364
344	345	366	365
345	346	367	366
346	347	368	367
347	348	369	368
348	349	370	369
349	350	371	370
350	351	372	371
351	352	373	372
352	353	374	373
353	354	375	374
354	355	376	375
355	356	377	376
356	357	378	377
357	378	819	798
358	359	380	379
358	379	820	799
359	360	381	380
360	361	382	381
361	362	383	382
362	363	384	383
363	364	385	384
364	365	386	385
365	366	387	386
366	367	388	387
367	368	389	388
368	369	390	389
369	370	391	390
370	371	392	391
371	372	393	392
372	373	394	393
373	374	395	394
374	375	396	395
375	376	397	396
376	377	398	397
377	378	399	398
378	399	840	819
379	380	401	400
379	400	841	820
380	381	402	401
381	382	403	402
382	383	404	403
383	384	405	404
384	385	406	405
385	386	407	406
386	387	408	407
387	388	409	408
388	389	410	409
389	390	411	410
390	391	412	411
391	392	413	412
392	393	414	413
393	394	415	414
394	395	416	415
395	396	417	416
396	397	418	417
397	398	419	418
398	399	420	419
399	420	861	840
400	401	422	421
400	421	862	841
401	402	423	422
402	403	424	423
403	404	425	424
404	405	426	425
405	406	427	426
406	407	428	427
407	408	429	428
408	409	430	429
409	410	431	430
410	411	432	431
411	412	433	432
412	413	434	433
413	414	435	434
414	415	436	435
415	416	437	436
416	417	438	437
417	418	439	438
418	419	440	439
419	420	441	440
420	441	882	861
421	862	863	422
422	863	864	423
423	864	865	424
424	865	866	425
425	866	867	426
426	867	868	427
427	868	869	428
428	869	870	429
429	870	871	430
430	871	872	431
431	872	873	432
432	873	874	433
433	874	875	434
434	875	876	435
435	876	877	436
436	877	878	437
437	878	879	438
438	879	880	439
439	880	881	440
440	881	882	441
442	463	904	883
442	883	884	443
443	884	885	444
444	885	886	445
445	886	887	446
446	887	888	447
447	888	889	448
448	889	890	449
449	890	891	450
450	891	892	451
451	892	893	452
452	893	894	453
453	894	895	454
454	895	896	455
455	896	897	456
456	897	898	457
457	898	899	458
458	899	900	459
459	900	901	460
460	901	902	461
461	902	903	462
462	483	924	903
463	484	925	904
483	504	945	924
484	505	946	925
504	525	966	945
505	526	967	946
525	546	987	966
526	547	988	967
546	567	1008	987
547	568	1009	988
567	588	1029	1008
568	589	1030	1009
588	609	1050	1029
589	610	1051	1030
609	630	1071	1050
610	631	1072	1051
630	651	1092	1071
631	652	1093	1072
651	672	1113	1092
652	673	1114	1093
672	693	1134	1113
673	694	1135	1114
693	714	1155	1134
694	715	1156	1135
714	735	1176	1155
715	736	1177	1156
735	756	1197	1176
736	757	1198	1177
756	777	1218	1197
757	778	1219	1198
777	798	1239	1218
778	799	1240	1219
798	819	1260	1239
799	820	1261	1240
819	840	1281	1260
820	841	1282	1261
840	861	1302	1281
841	862	1303	1282
861	882	1323	1302
862	1303	1304	863
863	1304	1305	864
864	1305	1306	865
865	1306	1307	866
866	1307	1308	867
867	1308	1309	868
868	1309	1310	869
869	1310	1311	870
870	1311	1312	871
871	1312	1313	872
872	1313	1314	873
873	1314	1315	874
874	1315	1316	875
875	1316	1317	876
876	1317	1318	877
877	1318	1319	878
878	1319	1320	879
879	1320	1321	880
880	1321	1322	881
881	1322	1323	882
883	904	1345	1324
883	1324	1325	884
884	1325	1326	885
885	1326	1327	886
886	1327	1328	887
887	1328	1329	888
888	1329	1330	889
889	1330	1331	890
890	1331	1332	891
891	1332	1333	892
892	1333	1334	893
893	1334	1335	894
894	1335	1336	895
895	1336	1337	896
896	1337	1338	897
897	1338	1339	898
898	1339	1340	899
899	1340	1341	900
900	1341	1342	901
901	1342	1343	902
902	1343	1344	903
903	924	1365	1344
904	925	1366	1345
924	945	1386	1365
925	946	1387	1366
945	966	1407	1386
946	967	1408	1387
966	987	1428	1407
967	988	1429	1408
987	1008	1449	1428
988	1009	1450	1429
1008	1029	1470	1449
1009	1030	1471	1450
1029	1050	1491	1470
1030	1051	1492	1471
1050	1071	1512	1491
1051	1072	1513	1492
1071	1092	1533	1512
1072	1093	1534	1513
1092	1113	1554	1533
1093	1114	1555	1534
1113	1134	1575	1554
1114	1135	1576	1555
1134	1155	1596	1575
1135	1156	1597	1576
1155	1176	1617	1596
1156	1177	1618	1597
1176	1197	1638	1617
1177	1198	1639	1618
1197	1218	1659	1638
1198	1219	1660	1639
1218	1239	1680	1659
1219	1240	1681	1660
1239	1260	1701	1680
1240	1261	1702	1681
1260	1281	1722	1701
1261	1282	1723	1702
1281	1302	1743	1722
1282	1303	1744	1723
1302	1323	1764	1743
1303	1744	1745	1304
1304	1745	1746	1305
1305	1746	1747	1306
1306	1747	1748	1307
1307	1748	1749	1308
1308	1749	1750	1309
1309	1750	1751	1310
1310	1751	1752	1311
1311	1752	1753	1312
1312	1753	1754	1313
1313	1754	1755	1314
1314	1755	1756	1315
1315	1756	1757	1316
1316	1757	1758	1317
1317	1758	1759	1318
1318	1759	1760	1319
1319	1760	1761	1320
1320	1761	1762	1321
1321	1762	1763	1322
1322	1763	1764	1323
1324	1345	1786	1765
1324	1765	1766	1325
1325	1766	1767	1326
1326	1767	1768	1327
1327	1768	1769	1328
1328	1769	1770	1329
1329	1770	1771	1330
1330	1771	1772	1331
1331	1772	1773	1332
1332	1773	1774	1333
1333	1774	1775	1334
1334	1775	1776	1335
1335	1776	1777	1336
1336	1777	1778	1337
1337	1778	1779	1338
1338	1779	1780	1339
1339	1780	1781	1340
1340	1781	1782	1341
1341	1782	1783	1342
1342	1783	1784	1343
1343	1784	1785	1344
1344	1365	1806	1785
1345	1366	1807	1786
1365	1386	1827	1806
1366	1387	1828	1807
1386	1407	1848	1827
1387	1408	1849	1828
1407	1428	1869	1848
1408	1429	1870	1849
1428	1449	1890	1869
1429	1450	1891	1870
1449	1470	1911	1890
1450	1471	1912	1891
1470	1491	1932	1911
1471	1492	1933	1912
1491	1512	1953	1932
1492	1513	1954	1933
1512	1533	1974	1953
1513	1534	1975	1954
1533	1554	1995	1974
1534	1555	1996	1975
1554	1575	2016	1995
1555	1576	2017	1996
1575	1596	2037	2016
1576	1597	2038	2017
1596	1617	2058	2037
1597	1618	2059	2038
1617	1638	2079	2058
1618	1639	2080	2059
1638	1659	2100	2079
1639	1660	2101	2080
1659	1680	2121	2100
1660	1681	2122	2101
1680	1701	2142	2121
1681	1702	2143	2122
1701	1722	2163	2142
1702	1723	2164	2143
1722	1743	2184	2163
1723	1744	2185	2164
1743	1764	2205	2184
1744	2185	2186	1745
1745	2186	2187	1746
1746	2187	2188	1747
1747	2188	2189	1748
1748	2189	2190	1749
1749	2190	2191	1750
1750	2191	2192	1751
1751	2192	2193	1752
1752	2193	2194	1753
1753	2194	2195	1754
1754	2195	2196	1755
1755	2196	2197	1756
1756	2197	2198	1757
1757	2198	2199	1758
1758	2199	2200	1759
1759	2200	2201	1760
1760	2201	2202	1761
1761	2202	2203	1762
1762	2203	2204	1763
1763	2204	2205	1764
1765	1786	2227	2206
1765	2206	2207	1766
1766	2207	2208	1767
1767	2208	2209	1768
1768	2209	2210	1769
1769	2210	2211	1770
1770	2211	2212	1771
1771	2212	2213	1772
1772	2213	2214	1773
1773	2214	2215	1774
1774	2215	2216	1775
1775	2216	2217	1776
1776	2217	2218	1777
1777	2218	2219	1778
1778	2219	2220	1779
1779	2220	2221	1780
1780	2221	2222	1781
1781	2222	2223	1782
1782	2223	2224	1783
1783	2224	2225	1784
1784	2225	2226	1785
1785	1806	2247	2226
1786	1807	2248	2227
1806	1827	2268	2247
1807	1828	2269	2248
1827	1848	2289	2268
1828	1849	2290	2269
1848	1869	2310	2289
1849	1870	2311	2290
1869	1890	2331	2310
1870	1891	2332	2311
1890	1911	2352	2331
1891	1912	2353	2332
1911	1932	2373	2352
1912	1933	2374	2353
1932	1953	2394	2373
1933	1954	2395	2374
1953	1974	2415	2394
1954	1975	2416	2395
1974	1995	2436	2415
1975	1996	2437	2416
1995	2016	2457	2436
1996	2017	2458	2437
2016	2037	2478	2457
2017	2038	2479	2458
2037	2058	2499	2478
2038	2059	2500	2479
2058	2079	2520	2499
2059	2080	2521	2500
2079	2100	2541	2520
2080	2101	2542	2521
2100	2121	2562	2541
2101	2122	2563	2542
2121	2142	2583	2562
2122	2143	2584	2563
2142	2163	2604	2583
2143	2164	2605	2584
2163	2184	2625	2604
2164	2185	2626	2605
2184	2205	2646	2625
2185	2626	2627	2186
2186	2627	2628	2187
2187	2628	2629	2188
2188	2629	2630	2189
2189	2630	2631	2190
2190	2631	2632	2191
2191	2632	2633	2192
2192	2633	2634	2193
2193	2634	2635	2194
2194	2635	2636	2195
2195	2636	2637	2196
2196	2637	2638	2197
2197	2638	2639	2198
2198	2639	2640	2199
2199	2640	2641	2200
2200	2641	2642	2201
2201	2642	2643	2202
2202	2643	2644	2203
2203	2644	2645	2204
2204	2645	2646	2205
2206	2227	2668	2647
2206	2647	2648	2207
2207	2648	2649	2208
2208	2649	2650	2209
2209	2650	2651	2210
2210	2651	2652	2211
2211	2652	2653	2212
2212	2653	2654	2213
2213	2654	2655	2214
2214	2655	2656	2215
2215	2656	2657	2216
2216	2657	2658	2217
2217	2658	2659	2218
2218	2659	2660	2219
2219	2660	2661	2220
2220	2661	2662	2221
2221	2662	2663	2222
2222	2663	2664	2223
2223	2664	2665	2224
2224	2665	2666	2225
2225	2666	2667	2226
2226	2247	2688	2667
2227	2248	2689	2668
2247	2268	2709	2688
2248	2269	2710	2689
2268	2289	2730	2709
2269	2290	2731	2710
2289	2310	2751	2730
2290	2311	2752	2731
2310	2331	2772	2751
2311	2332	2773	2752
2331	2352	2793	2772
2332	2353	2794	2773
2352	2373	2814	2793
2353	2374	2815	2794
2373	2394	2835	2814
2374	2395	2836	2815
2394	2415	2856	2835
2395	2416	2857	2836
2415	2436	2877	2856
2416	2437	2878	2857
2436	2457	2898	2877
2437	2458	2899	2878
2457	2478	2919	2898
2458	2479	2920	2899
2478	2499	2940	2919
2479	2500	2941	2920
2499	2520	2961	2940
2500	2521	2962	2941
2520	2541	2982	2961
2521	2542	2983	2962
2541	2562	3003	2982
2542	2563	3004	2983
2562	2583	3024	3003
2563	2584	3025	3004
2583	2604	3045	3024
2584	2605	3046	3025
2604	2625	3066	3045
2605	2626	3067	3046
2625	2646	3087	3066
2626	3067	3068	2627
2627	3068	3069	2628
2628	3069	3070	2629
2629	3070	3071	2630
2630	3071	3072	2631
2631	3072	3073	2632
2632	3073	3074	2633
2633	3074	3075	2634
2634	3075	3076	2635
2635	3076	3077	2636
2636	3077	3078	2637
2637	3078	3079	2638
2638	3079	3080	2639
2639	3080	3081	2640
2640	3081	3082	2641
2641	3082	3083	2642
2642	3083	3084	2643
2643	3084	3085	2644
2644	3085	3086	2645
2645	3086	3087	2646
2647	2668	3109	3088
2647	3088	3089	2648
2648	3089	3090	2649
2649	3090	3091	2650
2650	3091	3092	2651
2651	3092	3093	2652
2652	3093	3094	2653
2653	3094	3095	2654
2654	3095	3096	2655
2655	3096	3097	2656
2656	3097	3098	2657
2657	3098	3099	2658
2658	3099	3100	2659
2659	3100	3101	2660
2660	3101	3102	2661
2661	3102	3103	2662
2662	3103	3104	2663
2663	3104	3105	2664
2664	3105	3106	2665
2665	3106	3107	2666
2666	3107	3108	2667
2667	2688	3129	3108
2668	2689	3130	3109
2688	2709	3150	3129
2689	2710	3151	3130
2709	2730	3171	3150
2710	2731	3172	3151
2730	2751	3192	3171
2731	2752	3193	3172
2751	2772	3213	3192
2752	2773	3214	3193
2772	2793	3234	3213
2773	2794	3235	3214
2793	2814	3255	3234
2794	2815	3256	3235
2814	2835	3276	3255
2815	2836	3277	3256
2835	2856	3297	3276
2836	2857	3298	3277
2856	2877	3318	3297
2857	2878	3319	3298
2877	2898	3339	3318
2878	2899	3340	3319
2898	2919	3360	3339
2899	2920	3361	3340
2919	2940	3381	3360
2920	2941	3382	3361
2940	2961	3402	3381
2941	2962	3403	3382
2961	2982	3423	3402
2962	2983	3424	3403
2982	3003	3444	3423
2983	3004	3445	3424
3003	3024	3465	3444
3004	3025	3466	3445
3024	3045	3486	3465
3025	3046	3487	3466
3045	3066	3507	3486
3046	3067	3508	3487
3066	3087	3528	3507
3067	3508	3509	3068
3068	3509	3510	3069
3069	3510	3511	3070
3070	3511	3512	3071
3071	3512	3513	3072
3072	3513	3514	3073
3073	3514	3515	3074
3074	3515	3516	3075
3075	3516	3517	3076
3076	3517	3518	3077
3077	3518	3519	3078
3078	3519	3520	3079
3079	3520	3521	3080
3080	3521	3522	3081
3081	3522	3523	3082
3082	3523	3524	3083
3083	3524	3525	3084
3084	3525	3526	3085
3085	3526	3527	3086
3086	3527	3528	3087
3088	3109	3550	3529
3088	3529	3530	3089
3089	3530	3531	3090
3090	3531	3532	3091
3091	3532	3533	3092
3092	3533	3534	3093
3093	3534	3535	3094
3094	3535	3536	3095
3095	3536	3537	3096
3096	3537	3538	3097
3097	3538	3539	3098
3098	3539	3540	3099
3099	3540	3541	3100
3100	3541	3542	3101
3101	3542	3543	3102
3102	3543	3544	3103
3103	3544	3545	3104
3104	3545	3546	3105
3105	3546	3547	3106
3106	3547	3548	3107
3107	3548	3549	3108
3108	3129	3570	3549
3109	3130	3571	3550
3129	3150	3591	3570
3130	3151	3592	3571
3150	3171	3612	3591
3151	3172	3613	3592
3171	3192	3633	3612
3172	3193	3634	3613
3192	3213	3654	3633
3193	3214	3655	3634
3213	3234	3675	3654
3214	3235	3676	3655
3234	3255	3696	3675
3235	3256	3697	3676
3255	3276	3717	3696
3256	3277	3718	3697
3276	3297	3738	3717
3277	3298	3739	3718
3297	3318	3759	3738
3298	3319	3760	3739
3318	3339	3780	3759
3319	3340	3781	3760
3339	3360	3801	3780
3340	3361	3802	3781
3360	3381	3822	3801
3361	3382	3823	3802
3381	3402	3843	3822
3382	3403	3844	3823
3402	3423	3864	3843
3403	3424	3865	3844
3423	3444	3885	3864
3424	3445	3886	3865
3444	3465	3906	3885
3445	3466	3907	3886
3465	3486	3927	3906
3466	3487	3928	3907
3486	3507	3948	3927
3487	3508	3949	3928
3507	3528	3969	3948
3508	3949	3950	3509
3509	3950	3951	3510
3510	3951	3952	3511
3511	3952	3953	3512
3512	3953	3954	3513
3513	3954	3955	3514
3514	3955	3956	3515
3515	3956	3957	3516
3516	3957	3958	3517
3517	3958	3959	3518
3518	3959	3960	3519
3519	3960	3961	3520
3520	3961	3962	3521
3521	3962	3963	3522
3522	3963	3964	3523
3523	3964	3965	3524
3524	3965	3966	3525
3525	3966	3967	3526
3526	3967	3968	3527
3527	3968	3969	3528
3529	3550	3991	3970
3529	3970	3971	3530
3530	3971	3972	3531
3531	3972	3973	3532
3532	3973	3974	3533
3533	3974	3975	3534
3534	3975	3976	3535
3535	3976	3977	3536
3536	3977	3978	3537
3537	3978	3979	3538
3538	3979	3980	3539
3539	3980	3981	3540
3540	3981	3982	3541
3541	3982	3983	3542
3542	3983	3984	3543
3543	3984	3985	3544
3544	3985	3986	3545
3545	3986	3987	3546
3546	3987	3988	3547
3547	3988	3989	3548
3548	3989	3990	3549
3549	3570	4011	3990
3550	3571	4012	3991
3570	3591	4032	4011
3571	3592	4033	4012
3591	3612	4053	4032
3592	3613	4054	4033
3612	3633	4074	4053
3613	3634	4075	4054
3633	3654	4095	4074
3634	3655	4096	4075
3654	3675	4116	4095
3655	3676	4117	4096
3675	3696	4137	4116
3676	3697	4138	4117
3696	3717	4158	4137
3697	3718	4159	4138
3717	3738	4179	4158
3718	3739	4180	4159
3738	3759	4200	4179
3739	3760	4201	4180
3759	3780	4221	4200
3760	3781	4222	4201
3780	3801	4242	4221
3781	3802	4243	4222
3801	3822	4263	4242
3802	3823	4264	4243
3822	3843	4284	4263
3823	3844	4285	4264
3843	3864	4305	4284
3844	3865	4306	4285
3864	3885	4326	4305
3865	3886	4327	4306
3885	3906	4347	4326
3886	3907	4348	4327
3906	3927	4368	4347
3907	3928	4369	4348
3927	3948	4389	4368
3928	3949	4390	4369
3948	3969	4410	4389
3949	4390	4391	3950
3950	4391	4392	3951
3951	4392	4393	3952
3952	4393	4394	3953
3953	4394	4395	3954
3954	4395	4396	3955
3955	4396	4397	3956
3956	4397	4398	3957
3957	4398	4399	3958
3958	4399	4400	3959
3959	4400	4401	3960
3960	4401	4402	3961
3961	4402	4403	3962
3962	4403	4404	3963
3963	4404	4405	3964
3964	4405	4406	3965
3965	4406	4407	3966
3966	4407	4408	3967
3967	4408	4409	3968
3968	4409	4410	3969
3970	3991	4432	4411
3970	4411	4412	3971
3971	4412	4413	3972
3972	4413	4414	3973
3973	4414	4415	3974
3974	4415	4416	3975
3975	4416	4417	3976
3976	4417	4418	3977
3977	4418	4419	3978
3978	4419	4420	3979
3979	4420	4421	3980
3980	4421	4422	3981
3981	4422	4423	3982
3982	4423	4424	3983
3983	4424	4425	3984
3984	4425	4426	3985
3985	4426	4427	3986
3986	4427	4428	3987
3987	4428	4429	3988
3988	4429	4430	3989
3989	4430	4431	3990
3990	4011	4452	4431
3991	4012	4453	4432
4011	4032	4473	4452
4012	4033	4474	4453
4032	4053	4494	4473
4033	4054	4495	4474
4053	4074	4515	4494
4054	4075	4516	4495
4074	4095	4536	4515
4075	4096	4537	4516
4095	4116	4557	4536
4096	4117	4558	4537
4116	4137	4578	4557
4117	4138	4579	4558
4137	4158	4599	4578
4138	4159	4600	4579
4158	4179	4620	4599
4159	4180	4621	4600
4179	4200	4641	4620
4180	4201	4642	4621
4200	4221	4662	4641
4201	4222	4663	4642
4221	4242	4683	4662
4222	4243	4684	4663
4242	4263	4704	4683
4243	4264	4705	4684
4263	4284	4725	4704
4264	4285	4726	4705
4284	4305	4746	4725
4285	4306	4747	4726
4305	4326	4767	4746
4306	4327	4768	4747
4326	4347	4788	4767
4327	4348	4789	4768
4347	4368	4809	4788
4348	4369	4810	4789
4368	4389	4830	4809
4369	4390	4831	4810
4389	4410	4851	4830
4390	4831	4832	4391
4391	4832	4833	4392
4392	4833	4834	4393
4393	4834	4835	4394
4394	4835	4836	4395
4395	4836	4837	4396
4396	4837	4838	4397
4397	4838	4839	4398
4398	4839	4840	4399
4399	4840	4841	4400
4400	4841	4842	4401
4401	4842	4843	4402
4402	4843	4844	4403
4403	4844	4845	4404
4404	4845	4846	4405
4405	4846	4847	4406
4406	4847	4848	4407
4407	4848	4849	4408
4408	4849	4850	4409
4409	4850	4851	4410
4411	4432	4873	4852
4411	4852	4853	4412
4412	4853	4854	4413
4413	4854	4855	4414
4414	4855	4856	4415
4415	4856	4857	4416
4416	4857	4858	4417
4417	4858	4859	4418
4418	4859	4860	4419
4419	4860	4861	4420
4420	4861	4862	4421
4421	4862	4863	4422
4422	4863	4864	4423
4423	4864	4865	4424
4424	4865	4866	4425
4425	4866	4867	4426
4426	4867	4868	4427
4427	4868	4869	4428
4428	4869	4870	4429
4429	4870	4871	4430
4430	4871	4872	4431
4431	4452	4893	4872
4432	4453	4894	4873
4452	4473	4914	4893
4453	4474	4915	4894
4473	4494	4935	4914
4474	4495	4936	4915
4494	4515	4956	4935
4495	4516	4957	4936
4515	4536	4977	4956
4516	4537	4978	4957
4536	4557	4998	4977
4537	4558	4999	4978
4557	4578	5019	4998
4558	4579	5020	4999
4578	4599	5040	5019
4579	4600	5041	5020
4599	4620	5061	5040
4600	4621	5062	5041
4620	4641	5082	5061
4621	4642	5083	5062
4641	4662	5103	5082
4642	4663	5104	5083
4662	4683	5124	5103
4663	4684	5125	5104
4683	4704	5145	5124
4684	4705	5146	5125
4704	4725	5166	5145
4705	4726	5167	5146
4725	4746	5187	5166
4726	4747	5188	5167
4746	4767	5208	5187
4747	4768	5209	5188
4767	4788	5229	5208
4768	4789	5230	5209
4788	4809	5250	5229
4789	4810	5251	5230
4809	4830	5271	5250
4810	4831	5272	5251
4830	4851	5292	5271
4831	5272	5273	4832
4832	5273	5274	4833
4833	5274	5275	4834
4834	5275	5276	4835
4835	5276	5277	4836
4836	5277	5278	4837
4837	5278	5279	4838
4838	5279	5280	4839
4839	5280	5281	4840
4840	5281	5282	4841
4841	5282	5283	4842
4842	5283	5284	4843
4843	5284	5285	4844
4844	5285	5286	4845
4845	5286	5287	4846
4846	5287	5288	4847
4847	5288	5289	4848
4848	5289	5290	4849
4849	5290	5291	4850
4850	5291	5292	4851
4852	4873	5314	5293
4852	5293	5294	4853
4853	5294	5295	4854
4854	5295	5296	4855
4855	5296	5297	4856
4856	5297	5298	4857
4857	5298	5299	4858
4858	5299	5300	4859
4859	5300	5301	4860
4860	5301	5302	4861
4861	5302	5303	4862
4862	5303	5304	4863
4863	5304	5305	4864
4864	5305	5306	4865
4865	5306	5307	4866
4866	5307	5308	4867
4867	5308	5309	4868
4868	5309	5310	4869
4869	5310	5311	4870
4870	5311	5312	4871
4871	5312	5313	4872
4872	4893	5334	5313
4873	4894	5335	5314
4893	4914	5355	5334
4894	4915	5356	5335
4914	4935	5376	5355
4915	4936	5377	5356
4935	4956	5397	5376
4936	4957	5398	5377
4956	4977	5418	5397
4957	4978	5419	5398
4977	4998	5439	5418
4978	4999	5440	5419
4998	5019	5460	5439
4999	5020	5461	5440
5019	5040	5481	5460
5020	5041	5482	5461
5040	5061	5502	5481
5041	5062	5503	5482
5061	5082	5523	5502
5062	5083	5524	5503
5082	5103	5544	5523
5083	5104	5545	5524
5103	5124	5565	5544
5104	5125	5566	5545
5124	5145	5586	5565
5125	5146	5587	5566
5145	5166	5607	5586
5146	5167	5608	5587
5166	5187	5628	5607
5167	5188	5629	5608
5187	5208	5649	5628
5188	5209	5650	5629
5208	5229	5670	5649
5209	5230	5671	5650
5229	5250	5691	5670
5230	5251	5692	5671
5250	5271	5712	5691
5251	5272	5713	5692
5271	5292	5733	5712
5272	5713	5714	5273
5273	5714	5715	5274
5274	5715	5716	5275
5275	5716	5717	5276
5276	5717	5718	5277
5277	5718	5719	5278
5278	5719	5720	5279
5279	5720	5721	5280
5280	5721	5722	5281
5281	5722	5723	5282
5282	5723	5724	5283
5283	5724	5725	5284
5284	5725	5726	5285
5285	5726	5727	5286
5286	5727	5728	5287
5287	5728	5729	5288
5288	5729	5730	5289
5289	5730	5731	5290
5290	5731	5732	5291
5291	5732	5733	5292
5293	5314	5755	5734
5293	5734	5735	5294
5294	5735	5736	5295
5295	5736	5737	5296
5296	5737	5738	5297
5297	5738	5739	5298
5298	5739	5740	5299
5299	5740	5741	5300
5300	5741	5742	5301
5301	5742	5743	5302
5302	5743	5744	5303
5303	5744	5745	5304
5304	5745	5746	5305
5305	5746	5747	5306
5306	5747	5748	5307
5307	5748	5749	5308
5308	5749	5750	5309
5309	5750	5751	5310
5310	5751	5752	5311
5311	5752	5753	5312
5312	5753	5754	5313
5313	5334	5775	5754
5314	5335	5776	5755
5334	5355	5796	5775
5335	5356	5797	5776
5355	5376	5817	5796
5356	5377	5818	5797
5376	5397	5838	5817
5377	5398	5839	5818
5397	5418	5859	5838
5398	5419	5860	5839
5418	5439	5880	5859
5419	5440	5881	5860
5439	5460	5901	5880
5440	5461	5902	5881
5460	5481	5922	5901
5461	5482	5923	5902
5481	5502	5943	5922
5482	5503	5944	5923
5502	5523	5964	5943
5503	5524	5965	5944
5523	5544	5985	5964
5524	5545	5986	5965
5544	5565	6006	5985
5545	5566	6007	5986
5565	5586	6027	6006
5566	5587	6028	6007
5586	5607	6048	6027
5587	5608	6049	6028
5607	5628	6069	6048
5608	5629	6070	6049
5628	5649	6090	6069
5629	5650	6091	6070
5649	5670	6111	6090
5650	5671	6112	6091
5670	5691	6132	6111
5671	5692	6133	6112
5691	5712	6153	6132
5692	5713	6154	6133
5712	5733	6174	6153
5713	6154	6155	5714
5714	6155	6156	5715
5715	6156	6157	5716
5716	6157	6158	5717
5717	6158	6159	5718
5718	6159	6160	5719
5719	6160	6161	5720
5720	6161	6162	5721
5721	6162	6163	5722
5722	6163	6164	5723
5723	6164	6165	5724
5724	6165	6166	5725
5725	6166	6167	5726
5726	6167	6168	5727
5727	6168	6169	5728
5728	6169	6170	5729
5729	6170	6171	5730
5730	6171	6172	5731
5731	6172	6173	5732
5732	6173	6174	5733
5734	5755	6196	6175
5734	6175	6176	5735
5735	6176	6177	5736
5736	6177	6178	5737
5737	6178	6179	5738
5738	6179	6180	5739
5739	6180	6181	5740
5740	6181	6182	5741
5741	6182	6183	5742
5742	6183	6184	5743
5743	6184	6185	5744
5744	6185	6186	5745
5745	6186	6187	5746
5746	6187	6188	5747
5747	6188	6189	5748
5748	6189	6190	5749
5749	6190	6191	5750
5750	6191	6192	5751
5751	6192	6193	5752
5752	6193	6194	5753
5753	6194	6195	5754
5754	5775	6216	6195
5755	5776	6217	6196
5775	5796	6237	6216
5776	5797	6238	6217
5796	5817	6258	6237
5797	5818	6259	6238
5817	5838	6279	6258
5818	5839	6280	6259
5838	5859	6300	6279
5839	5860	6301	6280
5859	5880	6321	6300
5860	5881	6322	6301
5880	5901	6342	6321
5881	5902	6343	6322
5901	5922	6363	6342
5902	5923	6364	6343
5922	5943	6384	6363
5923	5944	6385	6364
5943	5964	6405	6384
5944	5965	6406	6385
5964	5985	6426	6405
5965	5986	6427	6406
5985	6006	6447	6426
5986	6007	6448	6427
6006	6027	6468	6447
6007	6028	6469	6448
6027	6048	6489	6468
6028	6049	6490	6469
6048	6069	6510	6489
6049	6070	6511	6490
6069	6090	6531	6510
6070	6091	6532	6511
6090	6111	6552	6531
6091	6112	6553	6532
6111	6132	6573	6552
6112	6133	6574	6553
6132	6153	6594	6573
6133	6154	6595	6574
6153	6174	6615	6594
6154	6595	6596	6155
6155	6596	6597	6156
6156	6597	6598	6157
6157	6598	6599	6158
6158	6599	6600	6159
6159	6600	6601	6160
6160	6601	6602	6161
6161	6602	6603	6162
6162	6603	6604	6163
6163	6604	6605	6164
6164	6605	6606	6165
6165	6606	6607	6166
6166	6607	6608	6167
6167	6608	6609	6168
6168	6609	6610	6169
6169	6610	6611	6170
6170	6611	6612	6171
6171	6612	6613	6172
6172	6613	6614	6173
6173	6614	6615	6174
6175	6196	6637	6616
6175	6616	6617	6176
6176	6617	6618	6177
6177	6618	6619	6178
6178	6619	6620	6179
6179	6620	6621	6180
6180	6621	6622	6181
6181	6622	6623	6182
6182	6623	6624	6183
6183	6624	6625	6184
6184	6625	6626	6185
6185	6626	6627	6186
6186	6627	6628	6187
6187	6628	6629	6188
6188	6629	6630	6189
6189	6630	6631	6190
6190	6631	6632	6191
6191	6632	6633	6192
6192	6633	6634	6193
6193	6634	6635	6194
6194	6635	6636	6195
6195	6216	6657	6636
6196	6217	6658	6637
6216	6237	6678	6657
6217	6238	6679	6658
6237	6258	6699	6678
6238	6259	6700	6679
6258	6279	6720	6699
6259	6280	6721	6700
6279	6300	6741	6720
6280	6301	6742	6721
6300	6321	6762	6741
6301	6322	6763	6742
6321	6342	6783	6762
6322	6343	6784	6763
6342	6363	6804	6783
6343	6364	6805	6784
6363	6384	6825	6804
6364	6385	6826	6805
6384	6405	6846	6825
6385	6406	6847	6826
6405	6426	6867	6846
6406	6427	6868	6847
6426	6447	6888	6867
6427	6448	6889	6868
6447	6468	6909	6888
6448	6469	6910	6889
6468	6489	6930	6909
6469	6490	6931	6910
6489	6510	6951	6930
6490	6511	6952	6931
6510	6531	6972	6951
6511	6532	6973	6952
6531	6552	6993	6972
6532	6553	6994	6973
6552	6573	7014	6993
6553	6574	7015	6994
6573	6594	7035	7014
6574	6595	7036	7015
6594	6615	7056	7035
6595	7036	7037	6596
6596	7037	7038	6597
6597	7038	7039	6598
6598	7039	7040	6599
6599	7040	7041	6600
6600	7041	7042	6601
6601	7042	7043	6602
6602	7043	7044	6603
6603	7044	7045	6604
6604	7045	7046	6605
6605	7046	7047	6606
6606	7047	7048	6607
6607	7048	7049	6608
6608	7049	7050	6609
6609	7050	7051	6610
6610	7051	7052	6611
6611	7052	7053	6612
6612	7053	7054	6613
6613	7054	7055	6614
6614	7055	7056	6615
6616	6637	7078	7057
6616	7057	7058	6617
6617	7058	7059	6618
6618	7059	7060	6619
6619	7060	7061	6620
6620	7061	7062	6621
6621	7062	7063	6622
6622	7063	7064	6623
6623	7064	7065	6624
6624	7065	7066	6625
6625	7066	7067	6626
6626	7067	7068	6627
6627	7068	7069	6628
6628	7069	7070	6629
6629	7070	7071	6630
6630	7071	7072	6631
6631	7072	7073	6632
6632	7073	7074	6633
6633	7074	7075	6634
6634	7075	7076	6635
6635	7076	7077	6636
6636	6657	7098	7077
6637	6658	7099	7078
6657	6678	7119	7098
6658	6679	7120	7099
6678	6699	7140	7119
6679	6700	7141	7120
6699	6720	7161	7140
6700	6721	7162	7141
6720	6741	7182	7161
6721	6742	7183	7162
6741	6762	7203	7182
6742	6763	7204	7183
6762	6783	7224	7203
6763	6784	7225	7204
6783	6804	7245	7224
6784	6805	7246	7225
6804	6825	7266	7245
6805	6826	7267	7246
6825	6846	7287	7266
6826	6847	7288	7267
6846	6867	7308	7287
6847	6868	7309	7288
6867	6888	7329	7308
6868	6889	7330	7309
6888	6909	7350	7329
6889	6910	7351	7330
6909	6930	7371	7350
6910	6931	7372	7351
6930	6951	7392	7371
6931	6952	7393	7372
6951	6972	7413	7392
6952	6973	7414	7393
6972	6993	7434	7413
6973	6994	7435	7414
6993	7014	7455	7434
6994	7015	7456	7435
7014	7035	7476	7455
7015	7036	7477	7456
7035	7056	7497	7476
7036	7477	7478	7037
7037	7478	7479	7038
7038	7479	7480	7039
7039	7480	7481	7040
7040	7481	7482	7041
7041	7482	7483	7042
7042	7483	7484	7043
7043	7484	7485	7044
7044	7485	7486	7045
7045	7486	7487	7046
7046	7487	7488	7047
7047	7488	7489	7048
7048	7489	7490	7049
7049	7490	7491	7050
7050	7491	7492	7051
7051	7492	7493	7052
7052	7493	7494	7053
7053	7494	7495	7054
7054	7495	7496	7055
7055	7496	7497	7056
7057	7078	7519	7498
7057	7498	7499	7058
7058	7499	7500	7059
7059	7500	7501	7060
7060	7501	7502	7061
7061	7502	7503	7062
7062	7503	7504	7063
7063	7504	7505	7064
7064	7505	7506	7065
7065	7506	7507	7066
7066	7507	7508	7067
7067	7508	7509	7068
7068	7509	7510	7069
7069	7510	7511	7070
7070	7511	7512	7071
7071	7512	7513	7072
7072	7513	7514	7073
7073	7514	7515	7074
7074	7515	7516	7075
7075	7516	7517	7076
7076	7517	7518	7077
7077	7098	7539	7518
7078	7099	7540	7519
7098	7119	7560	7539
7099	7120	7561	7540
7119	7140	7581	7560
7120	7141	7582	7561
7140	7161	7602	7581
7141	7162	7603	7582
7161	7182	7623	7602
7162	7183	7624	7603
7182	7203	7644	7623
7183	7204	7645	7624
7203	7224	7665	7644
7204	7225	7666	7645
7224	7245	7686	7665
7225	7246	7687	7666
7245	7266	7707	7686
7246	7267	7708	7687
7266	7287	7728	7707
7267	7288	7729	7708
7287	7308	7749	7728
7288	7309	7750	7729
7308	7329	7770	7749
7309	7330	7771	7750
7329	7350	7791	7770
7330	7351	7792	7771
7350	7371	7812	7791
7351	7372	7813	7792
7371	7392	7833	7812
7372	7393	7834	7813
7392	7413	7854	7833
7393	7414	7855	7834
7413	7434	7875	7854
7414	7435	7876	7855
7434	7455	7896	7875
7435	7456	7897	7876
7455	7476	7917	7896
7456	7477	7918	7897
7476	7497	7938	7917
7477	7918	7919	7478
7478	7919	7920	7479
7479	7920	7921	7480
7480	7921	7922	7481
7481	7922	7923	7482
7482	7923	7924	7483
7483	7924	7925	7484
7484	7925	7926	7485
7485	7926	7927	7486
7486	7927	7928	7487
7487	7928	7929	7488
7488	7929	7930	7489
7489	7930	7931	7490
7490	7931	7932	7491
7491	7932	7933	7492
7492	7933	7934	7493
7493	7934	7935	7494
7494	7935	7936	7495
7495	7936	7937	7496
7496	7937	7938	7497
7498	7519	7960	7939
7498	7939	7940	7499
7499	7940	7941	7500
7500	7941	7942	7501
7501	7942	7943	7502
7502	7943	7944	7503
7503	7944	7945	7504
7504	7945	7946	7505
7505	7946	7947	7506
7506	7947	7948	7507
7507	7948	7949	7508
7508	7949	7950	7509
7509	7950	7951	7510
7510	7951	7952	7511
7511	7952	7953	7512
7512	7953	7954	7513
7513	7954	7955	7514
7514	7955	7956	7515
7515	7956	7957	7516
7516	7957	7958	7517
7517	7958	7959	7518
7518	7539	7980	7959
7519	7540	7981	7960
7539	7560	8001	7980
7540	7561	8002	7981
7560	7581	8022	8001
7561	7582	8023	8002
7581	7602	8043	8022
7582	7603	8044	8023
7602	7623	8064	8043
7603	7624	8065	8044
7623	7644	8085	8064
7624	7645	8086	8065
7644	7665	8106	8085
7645	7666	8107	8086
7665	7686	8127	8106
7666	7687	8128	8107
7686	7707	8148	8127
7687	7708	8149	8128
7707	7728	8169	8148
7708	7729	8170	8149
7728	7749	8190	8169
7729	7750	8191	8170
7749	7770	8211	8190
7750	7771	8212	8191
7770	7791	8232	8211
7771	7792	8233	8212
7791	7812	8253	8232
7792	7813	8254	8233
7812	7833	8274	8253
7813	7834	8275	8254
7833	7854	8295	8274
7834	7855	8296	8275
7854	7875	8316	8295
7855	7876	8317	8296
7875	7896	8337	8316
7876	7897	8338	8317
7896	7917	8358	8337
7897	7918	8359	8338
7917	7938	8379	8358
7918	8359	8360	7919
7919	8360	8361	7920
7920	8361	8362	7921
7921	8362	8363	7922
7922	8363	8364	7923
7923	8364	8365	7924
7924	8365	8366	7925
7925	8366	8367	7926
7926	8367	8368	7927
7927	8368	8369	7928
7928	8369	8370	7929
7929	8370	8371	7930
7930	8371	8372	7931
7931	8372	8373	7932
7932	8373	8374	7933
7933	8374	8375	7934
7934	8375	8376	7935
7935	8376	8377	7936
7936	8377	8378	7937
7937	8378	8379	7938
7939	7960	8401	8380
7939	8380	8381	7940
7940	8381	8382	7941
7941	8382	8383	7942
7942	8383	8384	7943
7943	8384	8385	7944
7944	8385	8386	7945
7945	8386	8387	7946
7946	8387	8388	7947
7947	8388	8389	7948
7948	8389	8390	7949
7949	8390	8391	7950
7950	8391	8392	7951
7951	8392	8393	7952
7952	8393	8394	7953
7953	8394	8395	7954
7954	8395	8396	7955
7955	8396	8397	7956
7956	8397	8398	7957
7957	8398	8399	7958
7958	8399	8400	7959
7959	7980	8421	8400
7960	7981	8422	8401
7980	8001	8442	8421
7981	8002	8443	8422
8001	8022	8463	8442
8002	8023	8464	8443
8022	8043	8484	8463
8023	8044	8485	8464
8043	8064	8505	8484
8044	8065	8506	8485
8064	8085	8526	8505
8065	8086	8527	8506
8085	8106	8547	8526
8086	8107	8548	8527
8106	8127	8568	8547
8107	8128	8569	8548
8127	8148	8589	8568
8128	8149	8590	8569
8148	8169	8610	8589
8149	8170	8611	8590
8169	8190	8631	8610
8170	8191	8632	8611
8190	8211	8652	8631
8191	8212	8653	8632
8211	8232	8673	8652
8212	8233	8674	8653
8232	8253	8694	8673
8233	8254	8695	8674
8253	8274	8715	8694
8254	8275	8716	8695
8274	8295	8736	8715
8275	8296	8737	8716
8295	8316	8757	8736
8296	8317	8758	8737
8316	8337	8778	8757
8317	8338	8779	8758
8337	8358	8799	8778
8338	8359	8800	8779
8358	8379	8820	8799
8359	8800	8801	8360
8360	8801	8802	8361
8361	8802	8803	8362
8362	8803	8804	8363
8363	8804	8805	8364
8364	8805	8806	8365
8365	8806	8807	8366
8366	8807	8808	8367
8367	8808	8809	8368
8368	8809	8810	8369
8369	8810	8811	8370
8370	8811	8812	8371
8371	8812	8813	8372
8372	8813	8814	8373
8373	8814	8815	8374
8374	8815	8816	8375
8375	8816	8817	8376
8376	8817	8818	8377
8377	8818	8819	8378
8378	8819	8820	8379
8380	8401	8842	8821
8380	8821	8822	8381
8381	8822	8823	8382
8382	8823	8824	8383
8383	8824	8825	8384
8384	8825	8826	8385
8385	8826	8827	8386
8386	8827	8828	8387
8387	8828	8829	8388
8388	8829	8830	8389
8389	8830	8831	8390
8390	8831	8832	8391
8391	8832	8833	8392
8392	8833	8834	8393
8393	8834	8835	8394
8394	8835	8836	8395
8395	8836	8837	8396
8396	8837	8838	8397
8397	8838	8839	8398
8398	8839	8840	8399
8399	8840	8841	8400
8400	8421	8862	8841
8401	8422	8863	8842
8421	8442	8883	8862
8422	8443	8884	8863
8442	8463	8904	8883
8443	8464	8905	8884
8463	8484	8925	8904
8464	8485	8926	8905
8484	8505	8946	8925
8485	8506	8947	8926
8505	8526	8967	8946
8506	8527	8968	8947
8526	8547	8988	8967
8527	8548	8989	8968
8547	8568	9009	8988
8548	8569	9010	8989
8568	8589	9030	9009
8569	8590	9031	9010
8589	8610	9051	9030
8590	8611	9052	9031
8610	8631	9072	9051
8611	8632	9073	9052
8631	8652	9093	9072
8632	8653	9094	9073
8652	8673	9114	9093
8653	8674	9115	9094
8673	8694	9135	9114
8674	8695	9136	9115
8694	8715	9156	9135
8695	8716	9157	9136
8715	8736	9177	9156
8716	8737	9178	9157
8736	8757	9198	9177
8737	8758	9199	9178
8757	8778	9219	9198
8758	8779	9220	9199
8778	8799	9240	9219
8779	8800	9241	9220
8799	8820	9261	9240
8800	9241	9242	8801
8801	9242	9243	8802
8802	9243	9244	8803
8803	9244	9245	8804
8804	9245	9246	8805
8805	9246	9247	8806
8806	9247	9248	8807
8807	9248	9249	8808
8808	9249	9250	8809
8809	9250	9251	8810
8810	9251	9252	8811
8811	9252	9253	8812
8812	9253	9254	8813
8813	9254	9255	8814
8814	9255	9256	8815
8815	9256	9257	8816
8816	9257	9258	8817
8817	9258	9259	8818
8818	9259	9260	8819
8819	9260	9261	8820
8821	8822	8843	8842
8822	8823	8844	8843
8823	8824	8845	8844
8824	8825	8846	8845
8825	8826	8847	8846
8826	8827	8848	8847
8827	8828	8849	8848
8828	8829	8850	8849
8829	8830	8851	8850
8830	8831	8852	8851
8831	8832	8853	8852
8832	8833	8854	8853
8833	8834	8855	8854
8834	8835	8856	8855
8835	8836	8857	8856
8836	8837	8858	8857
8837	8838	8859	8858
8838	8839	8860	8859
8839	8840	8861	8860
8840	8841	8862	8861
8842	8843	8864	8863
8843	8844	8865	8864
8844	8845	8866	8865
8845	8846	8867	8866
8846	8847	8868	8867
8847	8848	8869	8868
8848	8849	8870	8869
8849	8850	8871	8870
8850	8851	8872	8871
8851	8852	8873	8872
8852	8853	8874	8873
8853	8854	8875	8874
8854	8855	8876	8875
8855	8856	8877	8876
8856	8857	8878	8877
8857	8858	8879	8878
8858	8859	8880	8879
8859	8860	8881	8880
8860	8861	8882	8881
8861	8862	8883	8882
8863	8864	8885	8884
8864	8865	8886	8885
8865	8866	8887	8886
8866	8867	8888	8887
8867	8868	8889	8888
8868	8869	8890	8889
8869	8870	8891	8890
8870	8871	8892	8891
8871	8872	8893	8892
8872	8873	8894	8893
8873	8874	8895	8894
8874	8875	8896	8895
8875	8876	8897	8896
8876	8877	8898	8897
8877	8878	8899	8898
8878	8879	8900	8899
8879	8880	8901	8900
8880	8881	8902	8901
8881	8882	8903	8902
8882	8883	8904	8903
8884	8885	8906	8905
8885	8886	8907	8906
8886	8887	8908	8907
8887	8888	8909	8908
8888	8889	8910	8909
8889	8890	8911	8910
8890	8891	8912	8911
8891	8892	8913	8912
8892	8893	8914	8913
8893	8894	8915	8914
8894	8895	8916	8915
8895	8896	8917	8916
8896	8897	8918	8917
8897	8898	8919	8918
8898	8899	8920	8919
8899	8900	8921	8920
8900	8901	8922	8921
8901	8902	8923	8922
8902	8903	8924	8923
8903	8904	8925	8924
8905	8906	8927	8926
8906	8907	8928	8927
8907	8908	8929	8928
8908	8909	8930	8929
8909	8910	8931	8930
8910	8911	8932	8931
8911	8912	8933	8932
8912	8913	8934	8933
8913	8914	8935	8934
8914	8915	8936	8935
8915	8916	8937	8936
8916	8917	8938	8937
8917	8918	8939	8938
8918	8919	8940	8939
8919	8920	8941	8940
8920	8921	8942	8941
8921	8922	8943	8942
8922	8923	8944	8943
8923	8924	8945	8944
8924	8925	8946	8945
8926	8927	8948	8947
8927	8928	8949	8948
8928	8929	8950	8949
8929	8930	8951	8950
8930	8931	8952	8951
8931	8932	8953	8952
8932	8933	8954	8953
8933	8934	8955	8954
8934	8935	8956	8955
8935	8936	8957	8956
8936	8937	8958	8957
8937	8938	8959	8958
8938	8939	8960	8959
8939	8940	8961	8960
8940	8941	8962	8961
8941	8942	8963	8962
8942	8943	8964	8963
8943	8944	8965	8964
8944	8945	8966	8965
8945	8946	8967	8966
8947	8948	8969	8968
8948	8949	8970	8969
8949	8950	8971	8970
8950	8951	8972	8971
8951	8952	8973	8972
8952	8953	8974	8973
8953	8954	8975	8974
8954	8955	8976	8975
8955	8956	8977	8976
8956	8957	8978	8977
8957	8958	8979	8978
8958	8959	8980	8979
8959	8960	8981	8980
8960	8961	8982	8981
8961	8962	8983	8982
8962	8963	8984	8983
8963	8964	8985	8984
8964	8965	8986	8985
8965	8966	8987	8986
8966	8967	8988	8987
8968	8969	8990	8989
8969	8970	8991	8990
8970	8971	8992	8991
8971	8972	8993	8992
8972	8973	8994	8993
8973	8974	8995	8994
8974	8975	8996	8995
8975	8976	8997	8996
8976	8977	8998	8997
8977	8978	8999	8998
8978	8979	9000	8999
8979	8980	9001	9000
8980	8981	9002	9001
8981	8982	9003	9002
8982	8983	9004	9003
8983	8984	9005	9004
8984	8985	9006	9005
8985	8986	9007	9006
8986	8987	9008	9007
8987	8988	9009	9008
8989	8990	9011	9010
8990	8991	9012	9011
8991	8992	9013	9012
8992	8993	9014	9013
8993	8994	9015	9014
8994	8995	9016	9015
8995	8996	9017	9016
8996	8997	9018	9017
8997	8998	9019	9018
8998	8999	9020	9019
8999	9000	9021	9020
9000	9001	9022	9021
9001	9002	9023	9022
9002	9003	9024	9023
9003	9004	9025	9024
9004	9005	9026	9025
9005	9006	9027	9026
9006	9007	9028	9027
9007	9008	9029	9028
9008	9009	9030	9029
9010	9011	9032	9031
9011	9012	9033	9032
9012	9013	9034	9033
9013	9014	9035	9034
9014	9015	9036	9035
9015	9016	9037	9036
9016	9017	9038	9037
9017	9018	9039	9038
9018	9019	9040	9039
9019	9020	9041	9040
9020	9021	9042	9041
9021	9022	9043	9042
9022	9023	9044	9043
9023	9024	9045	9044
9024	9025	9046	9045
9025	9026	9047	9046
9026	9027	9048	9047
9027	9028	9049	9048
9028	9029	9050	9049
9029	9030	9051	9050
9031	9032	9053	9052
9032	9033	9054	9053
9033	9034	9055	9054
9034	9035	9056	9055
9035	9036	9057	9056
9036	9037	9058	9057
9037	9038	9059	9058
9038	9039	9060	9059
9039	9040	9061	9060
9040	9041	9062	9061
9041	9042	9063	9062
9042	9043	9064	9063
9043	9044	9065	9064
9044	9045	9066	9065
9045	9046	9067	9066
9046	9047	9068	9067
9047	9048	9069	9068
9048	9049	9070	9069
9049	9050	9071	9070
9050	9051	9072	9071
9052	9053	9074	9073
9053	9054	9075	9074
9054	9055	9076	9075
9055	9056	9077	9076
9056	9057	9078	9077
9057	9058	9079	9078
9058	9059	9080	9079
9059	9060	9081	9080
9060	9061	9082	9081
9061	9062	9083	9082
9062	9063	9084	9083
9063	9064	9085	9084
9064	9065	9086	9085
9065	9066	9087	9086
9066	9067	9088	9087
9067	9068	9089	9088
9068	9069	9090	9089
9069	9070	9091	9090
9070	9071	9092	9091
9071	9072	9093	9092
9073	9074	9095	9094
9074	9075	9096	9095
9075	9076	9097	9096
9076	9077	9098	9097
9077	9078	9099	9098
9078	9079	9100	9099
9079	9080	9101	9100
9080	9081	9102	9101
9081	9082	9103	9102
9082	9083	9104	9103
9083	9084	9105	9104
9084	9085	9106	9105
9085	9086	9107	9106
9086	9087	9108	9107
9087	9088	9109	9108
9088	9089	9110	9109
9089	9090	9111	9110
9090	9091	9112	9111
9091	9092	9113	9112
9092	9093	9114	9113
9094	9095	9116	9115
9095	9096	9117	9116
9096	9097	9118	9117
9097	9098	9119	9118
9098	9099	9120	9119
9099	9100	9121	9120
9100	9101	9122	9121
9101	9102	9123	9122
9102	9103	9124	9123
9103	9104	9125	9124
9104	9105	9126	9125
9105	9106	9127	9126
9106	9107	9128	9127
9107	9108	9129	9128
9108	9109	9130	9129
9109	9110	9131	9130
9110	9111	9132	9131
9111	9112	9133	9132
9112	9113	9134	9133
9113	9114	9135	9134
9115	9116	9137	9136
9116	9117	9138	9137
9117	9118	9139	9138
9118	9119	9140	9139
9119	9120	9141	9140
9120	9121	9142	9141
9121	9122	9143	9142
9122	9123	9144	9143
9123	9124	9145	9144
9124	9125	9146	9145
9125	9126	9147	9146
9126	9127	9148	9147
9127	9128	9149	9148
9128	9129	9150	9149
9129	9130	9151	9150
9130	9131	9152	9151
9131	9132	9153	9152
9132	9133	9154	9153
9133	9134	9155	9154
9134	9135	9156	9155
9136	9137	9158	9157
9137	9138	9159	9158
9138	9139	9160	9159
9139	9140	9161	9160
9140	9141	9162	9161
9141	9142	9163	9162
9142	9143	9164	9163
9143	9144	9165	9164
9144	9145	9166	9165
9145	9146	9167	9166
9146	9147	9168	9167
9147	9148	9169	9168
9148	9149	9170	9169
9149	9150	9171	9170
9150	9151	9172	9171
9151	9152	9173	9172
9152	9153	9174	9173
9153	9154	9175	9174
9154	9155	9176	9175
9155	9156	9177	9176
9157	9158	9179	9178
9158	9159	9180	9179
9159	9160	9181	9180
9160	9161	9182	9181
9161	9162	9183	9182
9162	9163	9184	9183
9163	9164	9185	9184
9164	9165	9186	9185
9165	9166	9187	9186
9166	9167	9188	9187
9167	9168	9189	9188
9168	9169	9190	9189
9169	9170	9191	9190
9170	9171	9192	9191
9171	9172	9193	9192
9172	9173	9194	9193
9173	9174	9195	9194
9174	9175	9196	9195
9175	9176	9197	9196
9176	9177	9198	9197
9178	9179	9200	9199
9179	9180	9201	9200
9180	9181	9202	9201
9181	9182	9203	9202
9182	9183	9204	9203
9183	9184	9205	9204
9184	9185	9206	9205
9185	9186	9207	9206
9186	9187	9208	9207
9187	9188	9209	9208
9188	9189	9210	9209
9189	9190	9211	9210
9190	9191	9212	9211
9191	9192	9213	9212
9192	9193	9214	9213
9193	9194	9215	9214
9194	9195	9216	9215
9195	9196	9217	9216
9196	9197	9218	9217
9197	9198	9219	9218
9199	9200	9221	9220
9200	9201	9222	9221
9201	9202	9223	9222
9202	9203	9224	9223
9203	9204	9225	9224
9204	9205	9226	9225
9205	9206	9227	9226
9206	9207	9228	9227
9207	9208	9229	9228
9208	9209	9230	9229
9209	9210	9231	9230
9210	9211	9232	9231
9211	9212	9233	9232
9212	9213	9234	9233
9213	9214	9235	9234
9214	9215	9236	9235
9215	9216	9237	9236
9216	9217	9238	9237
9217	9218	9239	9238
9218	9219	9240	9239
9220	9221	9242	9241
9221	9222	9243	9242
9222	9223	9244	9243
9223	9224	9245	9244
9224	9225	9246	9245
9225	9226	9247	9246
9226	9227	9248	9247
9227	9228	9249	9248
9228	9229	9250	9249
9229	9230	9251	9250
9230	9231	9252	9251
9231	9232	9253	9252
9232	9233	9254	9253
9233	9234	9255	9254
9234	9235	9256	9255
9235	9236	9257	9256
9236	9237	9258	9257
9237	9238	9259	9258
9238	9239	9260	9259
9239	9240	9261	9260
