26750446e-16
7003262e-15
17451502e-15
4137096e-14
9340444e-14
2007255e-13
41058192e-14
79939275e-14
14808794e-13
26122764e-13
4386132e-12
70098276e-13
106634e-10
15436593e-12
21276266e-12
27910639e-12
34850753e-12
4142124e-11
4685998e-11
5046027e-11
51720832e-12
5046027e-11
4685998e-11
4142124e-11
34850753e-12
27910639e-12
21276266e-12
15436593e-12
106634e-10
70098276e-13
4386132e-12
26122764e-13
14808794e-13
79939275e-14
41058192e-14
2007255e-13
9340444e-14
4137096e-14
17451502e-15
7003262e-15
26750446e-16
7003262e-15
18334527e-15
45688e-12
1083091e-13
24453266e-14
525499e-12
10749027e-13
20928087e-13
38769394e-13
6838935e-12
11482885e-12
18351717e-12
27916762e-12
4041297e-11
55701228e-12
7307e-8
9123921e-11
.000108440734
.00012267934
.00013210489
.00013540505
.00013210489
.00012267934
.000108440734
9123921e-11
7307e-8
55701228e-12
4041297e-11
27916762e-12
18351717e-12
11482885e-12
6838935e-12
38769394e-13
20928087e-13
10749027e-13
525499e-12
24453266e-14
1083091e-13
45688e-12
18334527e-15
7003262e-15
17451502e-15
45688e-12
113850305e-15
2698966e-13
6093535e-13
13094951e-13
26785588e-13
5215087e-12
9660977e-12
17041997e-12
28614322e-12
4573079e-11
69566006e-12
.000100705416
.00013880234
.00018208374
.00022735973
.00027022435
.00030570594
.00032919357
.0003374171
.00032919357
.00030570594
.00027022435
.00022735973
.00018208374
.00013880234
.000100705416
69566006e-12
4573079e-11
28614322e-12
17041997e-12
9660977e-12
5215087e-12
26785588e-13
13094951e-13
6093535e-13
2698966e-13
113850305e-15
45688e-12
17451502e-15
4137096e-14
1083091e-13
2698966e-13
6398247e-13
14445511e-13
31043244e-13
63498633e-13
12363026e-12
22902572e-12
40400257e-12
6783395e-11
.00010841074
.0001649152
.0002387352
.00032904887
.0004316528
.0005389856
.0006406014
.0007247147
.00078039546
.00079989043
.00078039546
.0007247147
.0006406014
.0005389856
.0004316528
.00032904887
.0002387352
.0001649152
.00010841074
6783395e-11
40400257e-12
22902572e-12
12363026e-12
63498633e-13
31043244e-13
14445511e-13
6398247e-13
2698966e-13
1083091e-13
4137096e-14
9340444e-14
24453266e-14
6093535e-13
14445511e-13
32614025e-13
7008725e-12
14336274e-12
27912369e-12
51707815e-12
9121285e-11
.00015315055
.0002447619
.00037233354
538999e-9
742903e-9
.00097455474
.0012168832
.0014463039
.001636209
.0017619211
.0018059354
.0017619211
.001636209
.0014463039
.0012168832
.00097455474
742903e-9
538999e-9
.00037233354
.0002447619
.00015315055
9121285e-11
51707815e-12
27912369e-12
14336274e-12
7008725e-12
32614025e-13
14445511e-13
6093535e-13
24453266e-14
9340444e-14
2007255e-13
525499e-12
13094951e-13
31043244e-13
7008725e-12
15061686e-12
30808525e-12
59983427e-12
.000111119625
.0001960154
.00032911918
.0005259914
.0008001414
.0011583039
.0015964919
.0020943093
.002615071
.0031080942
.0035161984
.0037863525
.0038809387
.0037863525
.0035161984
.0031080942
.002615071
.0020943093
.0015964919
.0011583039
.0008001414
.0005259914
.00032911918
.0001960154
.000111119625
59983427e-12
30808525e-12
15061686e-12
7008725e-12
31043244e-13
13094951e-13
525499e-12
2007255e-13
41058192e-14
10749027e-13
26785588e-13
63498633e-13
14336274e-12
30808525e-12
6301852e-11
.00012269548
.00022729405
.0004009477
.00067320984
.0010759099
.001636681
.0023692988
.0032656076
.0042838883
.0053491006
.0063575744
.007192347
.007744945
.00793842
.007744945
.007192347
.0063575744
.0053491006
.0042838883
.0032656076
.0023692988
.001636681
.0010759099
.00067320984
.0004009477
.00022729405
.00012269548
6301852e-11
30808525e-12
14336274e-12
63498633e-13
26785588e-13
10749027e-13
41058192e-14
79939275e-14
20928087e-13
5215087e-12
12363026e-12
27912369e-12
59983427e-12
.00012269548
.00023888506
.00044253585
.00078063516
.0013107228
.0020947699
.0031865772
.0046129655
.006358057
.008340624
.010414566
.01237804
.0140033215
.015079215
.015455906
.015079215
.0140033215
.01237804
.010414566
.008340624
.006358057
.0046129655
.0031865772
.0020947699
.0013107228
.00078063516
.00044253585
.00023888506
.00012269548
59983427e-12
27912369e-12
12363026e-12
5215087e-12
20928087e-13
79939275e-14
14808794e-13
38769394e-13
9660977e-12
22902572e-12
51707815e-12
.000111119625
.00022729405
.00044253585
.0008198001
.0014461309
.0024281212
.0038805725
.0059031514
.008545544
.011778334
.01545105
.019293038
.022930391
.025941234
.02793432
.028632151
.02793432
.025941234
.022930391
.019293038
.01545105
.011778334
.008545544
.0059031514
.0038805725
.0024281212
.0014461309
.0008198001
.00044253585
.00022729405
.000111119625
51707815e-12
22902572e-12
9660977e-12
38769394e-13
14808794e-13
26122764e-13
6838935e-12
17041997e-12
40400257e-12
9121285e-11
.0001960154
.0004009477
.00078063516
.0014461309
.0025509812
.0042832163
.0068453467
.01041319
.0150743835
.020777034
.02725572
.034033004
.04044931
.04576045
.049276263
.05050724
.049276263
.04576045
.04044931
.034033004
.02725572
.020777034
.0150743835
.01041319
.0068453467
.0042832163
.0025509812
.0014461309
.00078063516
.0004009477
.0001960154
9121285e-11
40400257e-12
17041997e-12
6838935e-12
26122764e-13
4386132e-12
11482885e-12
28614322e-12
6783395e-11
.00015315055
.00032911918
.00067320984
.0013107228
.0024281212
.0042832163
.00719172
.011493656
.017484223
.025310587
.034885608
.045763627
.057143003
.067916274
.076833926
.08273714
.084804006
.08273714
.076833926
.067916274
.057143003
.045763627
.034885608
.025310587
.017484223
.011493656
.00719172
.0042832163
.0024281212
.0013107228
.00067320984
.00032911918
.00015315055
6783395e-11
28614322e-12
11482885e-12
4386132e-12
70098276e-13
18351717e-12
4573079e-11
.00010841074
.0002447619
.0005259914
.0010759099
.0020947699
.0038805725
.0068453467
.011493656
.018368917
.02794292
.04045084
.055753436
.07313847
.09132473
.108542345
.12279435
.13222878
.13553198
.13222878
.12279435
.108542345
.09132473
.07313847
.055753436
.04045084
.02794292
.018368917
.011493656
.0068453467
.0038805725
.0020947699
.0010759099
.0005259914
.0002447619
.00010841074
4573079e-11
18351717e-12
70098276e-13
106634e-10
27916762e-12
69566006e-12
.0001649152
.00037233354
.0008001414
.001636681
.0031865772
.0059031514
.01041319
.017484223
.02794292
.042506967
.061534107
.0848125
.11125876
.13892381
.16511539
.18679564
.2011473
.20617218
.2011473
.18679564
.16511539
.13892381
.11125876
.0848125
.061534107
.042506967
.02794292
.017484223
.01041319
.0059031514
.0031865772
.001636681
.0008001414
.00037233354
.0001649152
69566006e-12
27916762e-12
106634e-10
15436593e-12
4041297e-11
.000100705416
.0002387352
538999e-9
.0011583039
.0023692988
.0046129655
.008545544
.0150743835
.025310587
.04045084
.061534107
.08907825
.12277661
.16106082
.20110944
.239025
.27040985
.29118565
.2984598
.29118565
.27040985
.239025
.20110944
.16106082
.12277661
.08907825
.061534107
.04045084
.025310587
.0150743835
.008545544
.0046129655
.0023692988
.0011583039
538999e-9
.0002387352
.000100705416
4041297e-11
15436593e-12
21276266e-12
55701228e-12
.00013880234
.00032904887
742903e-9
.0015964919
.0032656076
.006358057
.011778334
.020777034
.034885608
.055753436
.0848125
.12277661
.16922313
.22199027
.2771893
.32944834
.37270612
.40134147
.4113674
.40134147
.37270612
.32944834
.2771893
.22199027
.16922313
.12277661
.0848125
.055753436
.034885608
.020777034
.011778334
.006358057
.0032656076
.0015964919
742903e-9
.00032904887
.00013880234
55701228e-12
21276266e-12
27910639e-12
7307e-8
.00018208374
.0004316528
.00097455474
.0020943093
.0042838883
.008340624
.01545105
.02725572
.045763627
.07313847
.11125876
.16106082
.22199027
.29121128
.36362246
.43217692
.48892334
.52648777
.53963995
.52648777
.48892334
.43217692
.36362246
.29121128
.22199027
.16106082
.11125876
.07313847
.045763627
.02725572
.01545105
.008340624
.0042838883
.0020943093
.00097455474
.0004316528
.00018208374
7307e-8
27910639e-12
34850753e-12
9123921e-11
.00022735973
.0005389856
.0012168832
.002615071
.0053491006
.010414566
.019293038
.034033004
.057143003
.09132473
.13892381
.20110944
.2771893
.36362246
.4540391
.53963995
.61049664
.6574016
.67382425
.6574016
.61049664
.53963995
.4540391
.36362246
.2771893
.20110944
.13892381
.09132473
.057143003
.034033004
.019293038
.010414566
.0053491006
.002615071
.0012168832
.0005389856
.00022735973
9123921e-11
34850753e-12
4142124e-11
.000108440734
.00027022435
.0006406014
.0014463039
.0031080942
.0063575744
.01237804
.022930391
.04044931
.067916274
.108542345
.16511539
.239025
.32944834
.43217692
.53963995
.6413793
.7255947
.7813428
.8008616
.7813428
.7255947
.6413793
.53963995
.43217692
.32944834
.239025
.16511539
.108542345
.067916274
.04044931
.022930391
.01237804
.0063575744
.0031080942
.0014463039
.0006406014
.00027022435
.000108440734
4142124e-11
4685998e-11
.00012267934
.00030570594
.0007247147
.001636209
.0035161984
.007192347
.0140033215
.025941234
.04576045
.076833926
.12279435
.18679564
.27040985
.37270612
.48892334
.61049664
.7255947
.82086796
.883936
.90601766
.883936
.82086796
.7255947
.61049664
.48892334
.37270612
.27040985
.18679564
.12279435
.076833926
.04576045
.025941234
.0140033215
.007192347
.0035161984
.001636209
.0007247147
.00030570594
.00012267934
4685998e-11
5046027e-11
.00013210489
.00032919357
.00078039546
.0017619211
.0037863525
.007744945
.015079215
.02793432
.049276263
.08273714
.13222878
.2011473
.29118565
.40134147
.52648777
.6574016
.7813428
.883936
.9518496
.9756278
.9518496
.883936
.7813428
.6574016
.52648777
.40134147
.29118565
.2011473
.13222878
.08273714
.049276263
.02793432
.015079215
.007744945
.0037863525
.0017619211
.00078039546
.00032919357
.00013210489
5046027e-11
51720832e-12
.00013540505
.0003374171
.00079989043
.0018059354
.0038809387
.00793842
.015455906
.028632151
.05050724
.084804006
.13553198
.20617218
.2984598
.4113674
.53963995
.67382425
.8008616
.90601766
.9756278
1
.9756278
.90601766
.8008616
.67382425
.53963995
.4113674
.2984598
.20617218
.13553198
.084804006
.05050724
.028632151
.015455906
.00793842
.0038809387
.0018059354
.00079989043
.0003374171
.00013540505
51720832e-12
5046027e-11
.00013210489
.00032919357
.00078039546
.0017619211
.0037863525
.007744945
.015079215
.02793432
.049276263
.08273714
.13222878
.2011473
.29118565
.40134147
.52648777
.6574016
.7813428
.883936
.9518496
.9756278
.9518496
.883936
.7813428
.6574016
.52648777
.40134147
.29118565
.2011473
.13222878
.08273714
.049276263
.02793432
.015079215
.007744945
.0037863525
.0017619211
.00078039546
.00032919357
.00013210489
5046027e-11
4685998e-11
.00012267934
.00030570594
.0007247147
.001636209
.0035161984
.007192347
.0140033215
.025941234
.04576045
.076833926
.12279435
.18679564
.27040985
.37270612
.48892334
.61049664
.7255947
.82086796
.883936
.90601766
.883936
.82086796
.7255947
.61049664
.48892334
.37270612
.27040985
.18679564
.12279435
.076833926
.04576045
.025941234
.0140033215
.007192347
.0035161984
.001636209
.0007247147
.00030570594
.00012267934
4685998e-11
4142124e-11
.000108440734
.00027022435
.0006406014
.0014463039
.0031080942
.0063575744
.01237804
.022930391
.04044931
.067916274
.108542345
.16511539
.239025
.32944834
.43217692
.53963995
.6413793
.7255947
.7813428
.8008616
.7813428
.7255947
.6413793
.53963995
.43217692
.32944834
.239025
.16511539
.108542345
.067916274
.04044931
.022930391
.01237804
.0063575744
.0031080942
.0014463039
.0006406014
.00027022435
.000108440734
4142124e-11
34850753e-12
9123921e-11
.00022735973
.0005389856
.0012168832
.002615071
.0053491006
.010414566
.019293038
.034033004
.057143003
.09132473
.13892381
.20110944
.2771893
.36362246
.4540391
.53963995
.61049664
.6574016
.67382425
.6574016
.61049664
.53963995
.4540391
.36362246
.2771893
.20110944
.13892381
.09132473
.057143003
.034033004
.019293038
.010414566
.0053491006
.002615071
.0012168832
.0005389856
.00022735973
9123921e-11
34850753e-12
27910639e-12
7307e-8
.00018208374
.0004316528
.00097455474
.0020943093
.0042838883
.008340624
.01545105
.02725572
.045763627
.07313847
.11125876
.16106082
.22199027
.29121128
.36362246
.43217692
.48892334
.52648777
.53963995
.52648777
.48892334
.43217692
.36362246
.29121128
.22199027
.16106082
.11125876
.07313847
.045763627
.02725572
.01545105
.008340624
.0042838883
.0020943093
.00097455474
.0004316528
.00018208374
7307e-8
27910639e-12
21276266e-12
55701228e-12
.00013880234
.00032904887
742903e-9
.0015964919
.0032656076
.006358057
.011778334
.020777034
.034885608
.055753436
.0848125
.12277661
.16922313
.22199027
.2771893
.32944834
.37270612
.40134147
.4113674
.40134147
.37270612
.32944834
.2771893
.22199027
.16922313
.12277661
.0848125
.055753436
.034885608
.020777034
.011778334
.006358057
.0032656076
.0015964919
742903e-9
.00032904887
.00013880234
55701228e-12
21276266e-12
15436593e-12
4041297e-11
.000100705416
.0002387352
538999e-9
.0011583039
.0023692988
.0046129655
.008545544
.0150743835
.025310587
.04045084
.061534107
.08907825
.12277661
.16106082
.20110944
.239025
.27040985
.29118565
.2984598
.29118565
.27040985
.239025
.20110944
.16106082
.12277661
.08907825
.061534107
.04045084
.025310587
.0150743835
.008545544
.0046129655
.0023692988
.0011583039
538999e-9
.0002387352
.000100705416
4041297e-11
15436593e-12
106634e-10
27916762e-12
69566006e-12
.0001649152
.00037233354
.0008001414
.001636681
.0031865772
.0059031514
.01041319
.017484223
.02794292
.042506967
.061534107
.0848125
.11125876
.13892381
.16511539
.18679564
.2011473
.20617218
.2011473
.18679564
.16511539
.13892381
.11125876
.0848125
.061534107
.042506967
.02794292
.017484223
.01041319
.0059031514
.0031865772
.001636681
.0008001414
.00037233354
.0001649152
69566006e-12
27916762e-12
106634e-10
70098276e-13
18351717e-12
4573079e-11
.00010841074
.0002447619
.0005259914
.0010759099
.0020947699
.0038805725
.0068453467
.011493656
.018368917
.02794292
.04045084
.055753436
.07313847
.09132473
.108542345
.12279435
.13222878
.13553198
.13222878
.12279435
.108542345
.09132473
.07313847
.055753436
.04045084
.02794292
.018368917
.011493656
.0068453467
.0038805725
.0020947699
.0010759099
.0005259914
.0002447619
.00010841074
4573079e-11
18351717e-12
70098276e-13
4386132e-12
11482885e-12
28614322e-12
6783395e-11
.00015315055
.00032911918
.00067320984
.0013107228
.0024281212
.0042832163
.00719172
.011493656
.017484223
.025310587
.034885608
.045763627
.057143003
.067916274
.076833926
.08273714
.084804006
.08273714
.076833926
.067916274
.057143003
.045763627
.034885608
.025310587
.017484223
.011493656
.00719172
.0042832163
.0024281212
.0013107228
.00067320984
.00032911918
.00015315055
6783395e-11
28614322e-12
11482885e-12
4386132e-12
26122764e-13
6838935e-12
17041997e-12
40400257e-12
9121285e-11
.0001960154
.0004009477
.00078063516
.0014461309
.0025509812
.0042832163
.0068453467
.01041319
.0150743835
.020777034
.02725572
.034033004
.04044931
.04576045
.049276263
.05050724
.049276263
.04576045
.04044931
.034033004
.02725572
.020777034
.0150743835
.01041319
.0068453467
.0042832163
.0025509812
.0014461309
.00078063516
.0004009477
.0001960154
9121285e-11
40400257e-12
17041997e-12
6838935e-12
26122764e-13
14808794e-13
38769394e-13
9660977e-12
22902572e-12
51707815e-12
.000111119625
.00022729405
.00044253585
.0008198001
.0014461309
.0024281212
.0038805725
.0059031514
.008545544
.011778334
.01545105
.019293038
.022930391
.025941234
.02793432
.028632151
.02793432
.025941234
.022930391
.019293038
.01545105
.011778334
.008545544
.0059031514
.0038805725
.0024281212
.0014461309
.0008198001
.00044253585
.00022729405
.000111119625
51707815e-12
22902572e-12
9660977e-12
38769394e-13
14808794e-13
79939275e-14
20928087e-13
5215087e-12
12363026e-12
27912369e-12
59983427e-12
.00012269548
.00023888506
.00044253585
.00078063516
.0013107228
.0020947699
.0031865772
.0046129655
.006358057
.008340624
.010414566
.01237804
.0140033215
.015079215
.015455906
.015079215
.0140033215
.01237804
.010414566
.008340624
.006358057
.0046129655
.0031865772
.0020947699
.0013107228
.00078063516
.00044253585
.00023888506
.00012269548
59983427e-12
27912369e-12
12363026e-12
5215087e-12
20928087e-13
79939275e-14
41058192e-14
10749027e-13
26785588e-13
63498633e-13
14336274e-12
30808525e-12
6301852e-11
.00012269548
.00022729405
.0004009477
.00067320984
.0010759099
.001636681
.0023692988
.0032656076
.0042838883
.0053491006
.0063575744
.007192347
.007744945
.00793842
.007744945
.007192347
.0063575744
.0053491006
.0042838883
.0032656076
.0023692988
.001636681
.0010759099
.00067320984
.0004009477
.00022729405
.00012269548
6301852e-11
30808525e-12
14336274e-12
63498633e-13
26785588e-13
10749027e-13
41058192e-14
2007255e-13
525499e-12
13094951e-13
31043244e-13
7008725e-12
15061686e-12
30808525e-12
59983427e-12
.000111119625
.0001960154
.00032911918
.0005259914
.0008001414
.0011583039
.0015964919
.0020943093
.002615071
.0031080942
.0035161984
.0037863525
.0038809387
.0037863525
.0035161984
.0031080942
.002615071
.0020943093
.0015964919
.0011583039
.0008001414
.0005259914
.00032911918
.0001960154
.000111119625
59983427e-12
30808525e-12
15061686e-12
7008725e-12
31043244e-13
13094951e-13
525499e-12
2007255e-13
9340444e-14
24453266e-14
6093535e-13
14445511e-13
32614025e-13
7008725e-12
14336274e-12
27912369e-12
51707815e-12
9121285e-11
.00015315055
.0002447619
.00037233354
538999e-9
742903e-9
.00097455474
.0012168832
.0014463039
.001636209
.0017619211
.0018059354
.0017619211
.001636209
.0014463039
.0012168832
.00097455474
742903e-9
538999e-9
.00037233354
.0002447619
.00015315055
9121285e-11
51707815e-12
27912369e-12
14336274e-12
7008725e-12
32614025e-13
14445511e-13
6093535e-13
24453266e-14
9340444e-14
4137096e-14
1083091e-13
2698966e-13
6398247e-13
14445511e-13
31043244e-13
63498633e-13
12363026e-12
22902572e-12
40400257e-12
6783395e-11
.00010841074
.0001649152
.0002387352
.00032904887
.0004316528
.0005389856
.0006406014
.0007247147
.00078039546
.00079989043
.00078039546
.0007247147
.0006406014
.0005389856
.0004316528
.00032904887
.0002387352
.0001649152
.00010841074
6783395e-11
40400257e-12
22902572e-12
12363026e-12
63498633e-13
31043244e-13
14445511e-13
6398247e-13
2698966e-13
1083091e-13
4137096e-14
17451502e-15
45688e-12
113850305e-15
2698966e-13
6093535e-13
13094951e-13
26785588e-13
5215087e-12
9660977e-12
17041997e-12
28614322e-12
4573079e-11
69566006e-12
.000100705416
.00013880234
.00018208374
.00022735973
.00027022435
.00030570594
.00032919357
.0003374171
.00032919357
.00030570594
.00027022435
.00022735973
.00018208374
.00013880234
.000100705416
69566006e-12
4573079e-11
28614322e-12
17041997e-12
9660977e-12
5215087e-12
26785588e-13
13094951e-13
6093535e-13
2698966e-13
113850305e-15
45688e-12
17451502e-15
7003262e-15
18334527e-15
45688e-12
1083091e-13
24453266e-14
525499e-12
10749027e-13
20928087e-13
38769394e-13
6838935e-12
11482885e-12
18351717e-12
27916762e-12
4041297e-11
55701228e-12
7307e-8
9123921e-11
.000108440734
.00012267934
.00013210489
.00013540505
.00013210489
.00012267934
.000108440734
9123921e-11
7307e-8
55701228e-12
4041297e-11
27916762e-12
18351717e-12
11482885e-12
6838935e-12
38769394e-13
20928087e-13
10749027e-13
525499e-12
24453266e-14
1083091e-13
45688e-12
18334527e-15
7003262e-15
26750446e-16
7003262e-15
17451502e-15
4137096e-14
9340444e-14
2007255e-13
41058192e-14
79939275e-14
14808794e-13
26122764e-13
4386132e-12
70098276e-13
106634e-10
15436593e-12
21276266e-12
27910639e-12
34850753e-12
4142124e-11
4685998e-11
5046027e-11
51720832e-12
5046027e-11
4685998e-11
4142124e-11
34850753e-12
27910639e-12
21276266e-12
15436593e-12
106634e-10
70098276e-13
4386132e-12
26122764e-13
14808794e-13
79939275e-14
41058192e-14
2007255e-13
9340444e-14
4137096e-14
17451502e-15
7003262e-15
26750446e-16
