.2
.4
.6000000000000001
.8
1
1.2000000000000002
1.4000000000000001
1.6
1.8
2
2.2
2.4000000000000004
2.6
2.8000000000000003
3
3.2
3.4000000000000004
3.6
3.8000000000000003
4
4.2
4.4
4.6000000000000005
4.800000000000001
5
5.2
5.4
5.6000000000000005
5.800000000000001
6
6.2
6.4
6.6000000000000005
6.800000000000001
7
7.2
7.4
7.6000000000000005
7.800000000000001
8
8.200000000000001
8.4
8.6
8.8
9
9.200000000000001
9.4
9.600000000000001
9.8
10
10.200000000000001
10.4
10.600000000000001
10.8
11
11.200000000000001
11.4
11.600000000000001
11.8
12
12.200000000000001
12.4
12.600000000000001
12.8
13
13.200000000000001
13.4
13.600000000000001
13.8
14
14.200000000000001
14.4
14.600000000000001
14.8
15
15.200000000000001
15.4
15.600000000000001
15.8
16
16.2
16.400000000000002
16.6
16.8
17
17.2
17.400000000000002
17.6
17.8
18
18.2
18.400000000000002
18.6
18.8
19
19.200000000000003
19.400000000000002
19.6
19.8
20
20.200000000000003
20.400000000000002
20.6
20.8
21
21.200000000000003
21.400000000000002
21.6
21.8
22
22.200000000000003
22.400000000000002
22.6
22.8
23
23.200000000000003
23.400000000000002
23.6
23.8
24
24.200000000000003
24.400000000000002
24.6
24.8
25
25.200000000000003
25.400000000000002
25.6
25.8
26
26.200000000000003
26.400000000000002
26.6
26.8
27
27.200000000000003
27.400000000000002
27.6
27.8
28
28.200000000000003
28.400000000000002
28.6
28.8
29
29.200000000000003
29.400000000000002
29.6
29.8
30
30.200000000000003
30.400000000000002
30.6
30.8
31
31.200000000000003
31.400000000000002
31.6
31.8
32
32.2
32.4
32.6
32.800000000000004
33
33.2
33.4
33.6
33.800000000000004
34
34.2
34.4
34.6
34.800000000000004
35
35.2
35.4
35.6
35.800000000000004
36
36.2
36.4
36.6
36.800000000000004
37
37.2
37.4
37.6
37.800000000000004
38
38.2
38.400000000000006
38.6
38.800000000000004
39
39.2
39.400000000000006
39.6
39.800000000000004
40
