0	0	0
0	0.25	0
0	0.5	0
0	0.75	0
0	1	0
0.25	0	0
0.25	0.25	0
0.25	0.5	0
0.25	0.75	0
0.25	1	0
0.5	0	0
0.5	0.25	0
0.5	0.5	0
0.5	0.75	0
0.5	1	0
0.75	0	0
0.75	0.25	0
0.75	0.5	0
0.75	0.75	0
0.75	1	0
1	0	0
1	0.25	0
1	0.5	0
1	0.75	0
1	1	0
0	0	0.2
0	0.25	0.2
0	0.5	0.2
0	0.75	0.2
0	1	0.2
0.25	0	0.2
0.25	0.25	0.2
0.25	0.5	0.2
0.25	0.75	0.2
0.25	1	0.2
0.5	0	0.2
0.5	0.25	0.2
0.5	0.5	0.2
0.5	0.75	0.2
0.5	1	0.2
0.75	0	0.2
0.75	0.25	0.2
0.75	0.5	0.2
0.75	0.75	0.2
0.75	1	0.2
1	0	0.2
1	0.25	0.2
1	0.5	0.2
1	0.75	0.2
1	1	0.2
0	0	0.4
0	0.25	0.4
0	0.5	0.4
0	0.75	0.4
0	1	0.4
0.25	0	0.4
0.25	0.25	0.4
0.25	0.5	0.4
0.25	0.75	0.4
0.25	1	0.4
0.5	0	0.4
0.5	0.25	0.4
0.5	0.5	0.4
0.5	0.75	0.4
0.5	1	0.4
0.75	0	0.4
0.75	0.25	0.4
0.75	0.5	0.4
0.75	0.75	0.4
0.75	1	0.4
1	0	0.4
1	0.25	0.4
1	0.5	0.4
1	0.75	0.4
1	1	0.4
0	0	0.6
0	0.25	0.6
0	0.5	0.6
0	0.75	0.6
0	1	0.6
0.25	0	0.6
0.25	0.25	0.6
0.25	0.5	0.6
0.25	0.75	0.6
0.25	1	0.6
0.5	0	0.6
0.5	0.25	0.6
0.5	0.5	0.6
0.5	0.75	0.6
0.5	1	0.6
0.75	0	0.6
0.75	0.25	0.6
0.75	0.5	0.6
0.75	0.75	0.6
0.75	1	0.6
1	0	0.6
1	0.25	0.6
1	0.5	0.6
1	0.75	0.6
1	1	0.6
0	0	0.8
0	0.25	0.8
0	0.5	0.8
0	0.75	0.8
0	1	0.8
0.25	0	0.8
0.25	0.25	0.8
0.25	0.5	0.8
0.25	0.75	0.8
0.25	1	0.8
0.5	0	0.8
0.5	0.25	0.8
0.5	0.5	0.8
0.5	0.75	0.8
0.5	1	0.8
0.75	0	0.8
0.75	0.25	0.8
0.75	0.5	0.8
0.75	0.75	0.8
0.75	1	0.8
1	0	0.8
1	0.25	0.8
1	0.5	0.8
1	0.75	0.8
1	1	0.8
0	0	1
0	0.25	1
0	0.5	1
0	0.75	1
0	1	1
0.25	0	1
0.25	0.25	1
0.25	0.5	1
0.25	0.75	1
0.25	1	1
0.5	0	1
0.5	0.25	1
0.5	0.5	1
0.5	0.75	1
0.5	1	1
0.75	0	1
0.75	0.25	1
0.75	0.5	1
0.75	0.75	1
0.75	1	1
1	0	1
1	0.25	1
1	0.5	1
1	0.75	1
1	1	1
0	0	1.2
0	0.25	1.2
0	0.5	1.2
0	0.75	1.2
0	1	1.2
0.25	0	1.2
0.25	0.25	1.2
0.25	0.5	1.2
0.25	0.75	1.2
0.25	1	1.2
0.5	0	1.2
0.5	0.25	1.2
0.5	0.5	1.2
0.5	0.75	1.2
0.5	1	1.2
0.75	0	1.2
0.75	0.25	1.2
0.75	0.5	1.2
0.75	0.75	1.2
0.75	1	1.2
1	0	1.2
1	0.25	1.2
1	0.5	1.2
1	0.75	1.2
1	1	1.2
0	0	1.4
0	0.25	1.4
0	0.5	1.4
0	0.75	1.4
0	1	1.4
0.25	0	1.4
0.25	0.25	1.4
0.25	0.5	1.4
0.25	0.75	1.4
0.25	1	1.4
0.5	0	1.4
0.5	0.25	1.4
0.5	0.5	1.4
0.5	0.75	1.4
0.5	1	1.4
0.75	0	1.4
0.75	0.25	1.4
0.75	0.5	1.4
0.75	0.75	1.4
0.75	1	1.4
1	0	1.4
1	0.25	1.4
1	0.5	1.4
1	0.75	1.4
1	1	1.4
0	0	1.6
0	0.25	1.6
0	0.5	1.6
0	0.75	1.6
0	1	1.6
0.25	0	1.6
0.25	0.25	1.6
0.25	0.5	1.6
0.25	0.75	1.6
0.25	1	1.6
0.5	0	1.6
0.5	0.25	1.6
0.5	0.5	1.6
0.5	0.75	1.6
0.5	1	1.6
0.75	0	1.6
0.75	0.25	1.6
0.75	0.5	1.6
0.75	0.75	1.6
0.75	1	1.6
1	0	1.6
1	0.25	1.6
1	0.5	1.6
1	0.75	1.6
1	1	1.6
0	0	1.8
0	0.25	1.8
0	0.5	1.8
0	0.75	1.8
0	1	1.8
0.25	0	1.8
0.25	0.25	1.8
0.25	0.5	1.8
0.25	0.75	1.8
0.25	1	1.8
0.5	0	1.8
0.5	0.25	1.8
0.5	0.5	1.8
0.5	0.75	1.8
0.5	1	1.8
0.75	0	1.8
0.75	0.25	1.8
0.75	0.5	1.8
0.75	0.75	1.8
0.75	1	1.8
1	0	1.8
1	0.25	1.8
1	0.5	1.8
1	0.75	1.8
1	1	1.8
0	0	2
0	0.25	2
0	0.5	2
0	0.75	2
0	1	2
0.25	0	2
0.25	0.25	2
0.25	0.5	2
0.25	0.75	2
0.25	1	2
0.5	0	2
0.5	0.25	2
0.5	0.5	2
0.5	0.75	2
0.5	1	2
0.75	0	2
0.75	0.25	2
0.75	0.5	2
0.75	0.75	2
0.75	1	2
1	0	2
1	0.25	2
1	0.5	2
1	0.75	2
1	1	2
0	0	2.2
0	0.25	2.2
0	0.5	2.2
0	0.75	2.2
0	1	2.2
0.25	0	2.2
0.25	0.25	2.2
0.25	0.5	2.2
0.25	0.75	2.2
0.25	1	2.2
0.5	0	2.2
0.5	0.25	2.2
0.5	0.5	2.2
0.5	0.75	2.2
0.5	1	2.2
0.75	0	2.2
0.75	0.25	2.2
0.75	0.5	2.2
0.75	0.75	2.2
0.75	1	2.2
1	0	2.2
1	0.25	2.2
1	0.5	2.2
1	0.75	2.2
1	1	2.2
0	0	2.4
0	0.25	2.4
0	0.5	2.4
0	0.75	2.4
0	1	2.4
0.25	0	2.4
0.25	0.25	2.4
0.25	0.5	2.4
0.25	0.75	2.4
0.25	1	2.4
0.5	0	2.4
0.5	0.25	2.4
0.5	0.5	2.4
0.5	0.75	2.4
0.5	1	2.4
0.75	0	2.4
0.75	0.25	2.4
0.75	0.5	2.4
0.75	0.75	2.4
0.75	1	2.4
1	0	2.4
1	0.25	2.4
1	0.5	2.4
1	0.75	2.4
1	1	2.4
0	0	2.6
0	0.25	2.6
0	0.5	2.6
0	0.75	2.6
0	1	2.6
0.25	0	2.6
0.25	0.25	2.6
0.25	0.5	2.6
0.25	0.75	2.6
0.25	1	2.6
0.5	0	2.6
0.5	0.25	2.6
0.5	0.5	2.6
0.5	0.75	2.6
0.5	1	2.6
0.75	0	2.6
0.75	0.25	2.6
0.75	0.5	2.6
0.75	0.75	2.6
0.75	1	2.6
1	0	2.6
1	0.25	2.6
1	0.5	2.6
1	0.75	2.6
1	1	2.6
0	0	2.8
0	0.25	2.8
0	0.5	2.8
0	0.75	2.8
0	1	2.8
0.25	0	2.8
0.25	0.25	2.8
0.25	0.5	2.8
0.25	0.75	2.8
0.25	1	2.8
0.5	0	2.8
0.5	0.25	2.8
0.5	0.5	2.8
0.5	0.75	2.8
0.5	1	2.8
0.75	0	2.8
0.75	0.25	2.8
0.75	0.5	2.8
0.75	0.75	2.8
0.75	1	2.8
1	0	2.8
1	0.25	2.8
1	0.5	2.8
1	0.75	2.8
1	1	2.8
0	0	3
0	0.25	3
0	0.5	3
0	0.75	3
0	1	3
0.25	0	3
0.25	0.25	3
0.25	0.5	3
0.25	0.75	3
0.25	1	3
0.5	0	3
0.5	0.25	3
0.5	0.5	3
0.5	0.75	3
0.5	1	3
0.75	0	3
0.75	0.25	3
0.75	0.5	3
0.75	0.75	3
0.75	1	3
1	0	3
1	0.25	3
1	0.5	3
1	0.75	3
1	1	3
0	0	3.2
0	0.25	3.2
0	0.5	3.2
0	0.75	3.2
0	1	3.2
0.25	0	3.2
0.25	0.25	3.2
0.25	0.5	3.2
0.25	0.75	3.2
0.25	1	3.2
0.5	0	3.2
0.5	0.25	3.2
0.5	0.5	3.2
0.5	0.75	3.2
0.5	1	3.2
0.75	0	3.2
0.75	0.25	3.2
0.75	0.5	3.2
0.75	0.75	3.2
0.75	1	3.2
1	0	3.2
1	0.25	3.2
1	0.5	3.2
1	0.75	3.2
1	1	3.2
0	0	3.4
0	0.25	3.4
0	0.5	3.4
0	0.75	3.4
0	1	3.4
0.25	0	3.4
0.25	0.25	3.4
0.25	0.5	3.4
0.25	0.75	3.4
0.25	1	3.4
0.5	0	3.4
0.5	0.25	3.4
0.5	0.5	3.4
0.5	0.75	3.4
0.5	1	3.4
0.75	0	3.4
0.75	0.25	3.4
0.75	0.5	3.4
0.75	0.75	3.4
0.75	1	3.4
1	0	3.4
1	0.25	3.4
1	0.5	3.4
1	0.75	3.4
1	1	3.4
0	0	3.6
0	0.25	3.6
0	0.5	3.6
0	0.75	3.6
0	1	3.6
0.25	0	3.6
0.25	0.25	3.6
0.25	0.5	3.6
0.25	0.75	3.6
0.25	1	3.6
0.5	0	3.6
0.5	0.25	3.6
0.5	0.5	3.6
0.5	0.75	3.6
0.5	1	3.6
0.75	0	3.6
0.75	0.25	3.6
0.75	0.5	3.6
0.75	0.75	3.6
0.75	1	3.6
1	0	3.6
1	0.25	3.6
1	0.5	3.6
1	0.75	3.6
1	1	3.6
0	0	3.8
0	0.25	3.8
0	0.5	3.8
0	0.75	3.8
0	1	3.8
0.25	0	3.8
0.25	0.25	3.8
0.25	0.5	3.8
0.25	0.75	3.8
0.25	1	3.8
0.5	0	3.8
0.5	0.25	3.8
0.5	0.5	3.8
0.5	0.75	3.8
0.5	1	3.8
0.75	0	3.8
0.75	0.25	3.8
0.75	0.5	3.8
0.75	0.75	3.8
0.75	1	3.8
1	0	3.8
1	0.25	3.8
1	0.5	3.8
1	0.75	3.8
1	1	3.8
0	0	4
0	0.25	4
0	0.5	4
0	0.75	4
0	1	4
0.25	0	4
0.25	0.25	4
0.25	0.5	4
0.25	0.75	4
0.25	1	4
0.5	0	4
0.5	0.25	4
0.5	0.5	4
0.5	0.75	4
0.5	1	4
0.75	0	4
0.75	0.25	4
0.75	0.5	4
0.75	0.75	4
0.75	1	4
1	0	4
1	0.25	4
1	0.5	4
1	0.75	4
1	1	4
0	0	4.2
0	0.25	4.2
0	0.5	4.2
0	0.75	4.2
0	1	4.2
0.25	0	4.2
0.25	0.25	4.2
0.25	0.5	4.2
0.25	0.75	4.2
0.25	1	4.2
0.5	0	4.2
0.5	0.25	4.2
0.5	0.5	4.2
0.5	0.75	4.2
0.5	1	4.2
0.75	0	4.2
0.75	0.25	4.2
0.75	0.5	4.2
0.75	0.75	4.2
0.75	1	4.2
1	0	4.2
1	0.25	4.2
1	0.5	4.2
1	0.75	4.2
1	1	4.2
0	0	4.4
0	0.25	4.4
0	0.5	4.4
0	0.75	4.4
0	1	4.4
0.25	0	4.4
0.25	0.25	4.4
0.25	0.5	4.4
0.25	0.75	4.4
0.25	1	4.4
0.5	0	4.4
0.5	0.25	4.4
0.5	0.5	4.4
0.5	0.75	4.4
0.5	1	4.4
0.75	0	4.4
0.75	0.25	4.4
0.75	0.5	4.4
0.75	0.75	4.4
0.75	1	4.4
1	0	4.4
1	0.25	4.4
1	0.5	4.4
1	0.75	4.4
1	1	4.4
0	0	4.6
0	0.25	4.6
0	0.5	4.6
0	0.75	4.6
0	1	4.6
0.25	0	4.6
0.25	0.25	4.6
0.25	0.5	4.6
0.25	0.75	4.6
0.25	1	4.6
0.5	0	4.6
0.5	0.25	4.6
0.5	0.5	4.6
0.5	0.75	4.6
0.5	1	4.6
0.75	0	4.6
0.75	0.25	4.6
0.75	0.5	4.6
0.75	0.75	4.6
0.75	1	4.6
1	0	4.6
1	0.25	4.6
1	0.5	4.6
1	0.75	4.6
1	1	4.6
0	0	4.8
0	0.25	4.8
0	0.5	4.8
0	0.75	4.8
0	1	4.8
0.25	0	4.8
0.25	0.25	4.8
0.25	0.5	4.8
0.25	0.75	4.8
0.25	1	4.8
0.5	0	4.8
0.5	0.25	4.8
0.5	0.5	4.8
0.5	0.75	4.8
0.5	1	4.8
0.75	0	4.8
0.75	0.25	4.8
0.75	0.5	4.8
0.75	0.75	4.8
0.75	1	4.8
1	0	4.8
1	0.25	4.8
1	0.5	4.8
1	0.75	4.8
1	1	4.8
0	0	5
0	0.25	5
0	0.5	5
0	0.75	5
0	1	5
0.25	0	5
0.25	0.25	5
0.25	0.5	5
0.25	0.75	5
0.25	1	5
0.5	0	5
0.5	0.25	5
0.5	0.5	5
0.5	0.75	5
0.5	1	5
0.75	0	5
0.75	0.25	5
0.75	0.5	5
0.75	0.75	5
0.75	1	5
1	0	5
1	0.25	5
1	0.5	5
1	0.75	5
1	1	5
0	0	5.2
0	0.25	5.2
0	0.5	5.2
0	0.75	5.2
0	1	5.2
0.25	0	5.2
0.25	0.25	5.2
0.25	0.5	5.2
0.25	0.75	5.2
0.25	1	5.2
0.5	0	5.2
0.5	0.25	5.2
0.5	0.5	5.2
0.5	0.75	5.2
0.5	1	5.2
0.75	0	5.2
0.75	0.25	5.2
0.75	0.5	5.2
0.75	0.75	5.2
0.75	1	5.2
1	0	5.2
1	0.25	5.2
1	0.5	5.2
1	0.75	5.2
1	1	5.2
0	0	5.4
0	0.25	5.4
0	0.5	5.4
0	0.75	5.4
0	1	5.4
0.25	0	5.4
0.25	0.25	5.4
0.25	0.5	5.4
0.25	0.75	5.4
0.25	1	5.4
0.5	0	5.4
0.5	0.25	5.4
0.5	0.5	5.4
0.5	0.75	5.4
0.5	1	5.4
0.75	0	5.4
0.75	0.25	5.4
0.75	0.5	5.4
0.75	0.75	5.4
0.75	1	5.4
1	0	5.4
1	0.25	5.4
1	0.5	5.4
1	0.75	5.4
1	1	5.4
0	0	5.6
0	0.25	5.6
0	0.5	5.6
0	0.75	5.6
0	1	5.6
0.25	0	5.6
0.25	0.25	5.6
0.25	0.5	5.6
0.25	0.75	5.6
0.25	1	5.6
0.5	0	5.6
0.5	0.25	5.6
0.5	0.5	5.6
0.5	0.75	5.6
0.5	1	5.6
0.75	0	5.6
0.75	0.25	5.6
0.75	0.5	5.6
0.75	0.75	5.6
0.75	1	5.6
1	0	5.6
1	0.25	5.6
1	0.5	5.6
1	0.75	5.6
1	1	5.6
0	0	5.8
0	0.25	5.8
0	0.5	5.8
0	0.75	5.8
0	1	5.8
0.25	0	5.8
0.25	0.25	5.8
0.25	0.5	5.8
0.25	0.75	5.8
0.25	1	5.8
0.5	0	5.8
0.5	0.25	5.8
0.5	0.5	5.8
0.5	0.75	5.8
0.5	1	5.8
0.75	0	5.8
0.75	0.25	5.8
0.75	0.5	5.8
0.75	0.75	5.8
0.75	1	5.8
1	0	5.8
1	0.25	5.8
1	0.5	5.8
1	0.75	5.8
1	1	5.8
0	0	6
0	0.25	6
0	0.5	6
0	0.75	6
0	1	6
0.25	0	6
0.25	0.25	6
0.25	0.5	6
0.25	0.75	6
0.25	1	6
0.5	0	6
0.5	0.25	6
0.5	0.5	6
0.5	0.75	6
0.5	1	6
0.75	0	6
0.75	0.25	6
0.75	0.5	6
0.75	0.75	6
0.75	1	6
1	0	6
1	0.25	6
1	0.5	6
1	0.75	6
1	1	6
0	0	6.2
0	0.25	6.2
0	0.5	6.2
0	0.75	6.2
0	1	6.2
0.25	0	6.2
0.25	0.25	6.2
0.25	0.5	6.2
0.25	0.75	6.2
0.25	1	6.2
0.5	0	6.2
0.5	0.25	6.2
0.5	0.5	6.2
0.5	0.75	6.2
0.5	1	6.2
0.75	0	6.2
0.75	0.25	6.2
0.75	0.5	6.2
0.75	0.75	6.2
0.75	1	6.2
1	0	6.2
1	0.25	6.2
1	0.5	6.2
1	0.75	6.2
1	1	6.2
0	0	6.4
0	0.25	6.4
0	0.5	6.4
0	0.75	6.4
0	1	6.4
0.25	0	6.4
0.25	0.25	6.4
0.25	0.5	6.4
0.25	0.75	6.4
0.25	1	6.4
0.5	0	6.4
0.5	0.25	6.4
0.5	0.5	6.4
0.5	0.75	6.4
0.5	1	6.4
0.75	0	6.4
0.75	0.25	6.4
0.75	0.5	6.4
0.75	0.75	6.4
0.75	1	6.4
1	0	6.4
1	0.25	6.4
1	0.5	6.4
1	0.75	6.4
1	1	6.4
0	0	6.6
0	0.25	6.6
0	0.5	6.6
0	0.75	6.6
0	1	6.6
0.25	0	6.6
0.25	0.25	6.6
0.25	0.5	6.6
0.25	0.75	6.6
0.25	1	6.6
0.5	0	6.6
0.5	0.25	6.6
0.5	0.5	6.6
0.5	0.75	6.6
0.5	1	6.6
0.75	0	6.6
0.75	0.25	6.6
0.75	0.5	6.6
0.75	0.75	6.6
0.75	1	6.6
1	0	6.6
1	0.25	6.6
1	0.5	6.6
1	0.75	6.6
1	1	6.6
0	0	6.8
0	0.25	6.8
0	0.5	6.8
0	0.75	6.8
0	1	6.8
0.25	0	6.8
0.25	0.25	6.8
0.25	0.5	6.8
0.25	0.75	6.8
0.25	1	6.8
0.5	0	6.8
0.5	0.25	6.8
0.5	0.5	6.8
0.5	0.75	6.8
0.5	1	6.8
0.75	0	6.8
0.75	0.25	6.8
0.75	0.5	6.8
0.75	0.75	6.8
0.75	1	6.8
1	0	6.8
1	0.25	6.8
1	0.5	6.8
1	0.75	6.8
1	1	6.8
0	0	7
0	0.25	7
0	0.5	7
0	0.75	7
0	1	7
0.25	0	7
0.25	0.25	7
0.25	0.5	7
0.25	0.75	7
0.25	1	7
0.5	0	7
0.5	0.25	7
0.5	0.5	7
0.5	0.75	7
0.5	1	7
0.75	0	7
0.75	0.25	7
0.75	0.5	7
0.75	0.75	7
0.75	1	7
1	0	7
1	0.25	7
1	0.5	7
1	0.75	7
1	1	7
0	0	7.2
0	0.25	7.2
0	0.5	7.2
0	0.75	7.2
0	1	7.2
0.25	0	7.2
0.25	0.25	7.2
0.25	0.5	7.2
0.25	0.75	7.2
0.25	1	7.2
0.5	0	7.2
0.5	0.25	7.2
0.5	0.5	7.2
0.5	0.75	7.2
0.5	1	7.2
0.75	0	7.2
0.75	0.25	7.2
0.75	0.5	7.2
0.75	0.75	7.2
0.75	1	7.2
1	0	7.2
1	0.25	7.2
1	0.5	7.2
1	0.75	7.2
1	1	7.2
0	0	7.4
0	0.25	7.4
0	0.5	7.4
0	0.75	7.4
0	1	7.4
0.25	0	7.4
0.25	0.25	7.4
0.25	0.5	7.4
0.25	0.75	7.4
0.25	1	7.4
0.5	0	7.4
0.5	0.25	7.4
0.5	0.5	7.4
0.5	0.75	7.4
0.5	1	7.4
0.75	0	7.4
0.75	0.25	7.4
0.75	0.5	7.4
0.75	0.75	7.4
0.75	1	7.4
1	0	7.4
1	0.25	7.4
1	0.5	7.4
1	0.75	7.4
1	1	7.4
0	0	7.6
0	0.25	7.6
0	0.5	7.6
0	0.75	7.6
0	1	7.6
0.25	0	7.6
0.25	0.25	7.6
0.25	0.5	7.6
0.25	0.75	7.6
0.25	1	7.6
0.5	0	7.6
0.5	0.25	7.6
0.5	0.5	7.6
0.5	0.75	7.6
0.5	1	7.6
0.75	0	7.6
0.75	0.25	7.6
0.75	0.5	7.6
0.75	0.75	7.6
0.75	1	7.6
1	0	7.6
1	0.25	7.6
1	0.5	7.6
1	0.75	7.6
1	1	7.6
0	0	7.8
0	0.25	7.8
0	0.5	7.8
0	0.75	7.8
0	1	7.8
0.25	0	7.8
0.25	0.25	7.8
0.25	0.5	7.8
0.25	0.75	7.8
0.25	1	7.8
0.5	0	7.8
0.5	0.25	7.8
0.5	0.5	7.8
0.5	0.75	7.8
0.5	1	7.8
0.75	0	7.8
0.75	0.25	7.8
0.75	0.5	7.8
0.75	0.75	7.8
0.75	1	7.8
1	0	7.8
1	0.25	7.8
1	0.5	7.8
1	0.75	7.8
1	1	7.8
0	0	8
0	0.25	8
0	0.5	8
0	0.75	8
0	1	8
0.25	0	8
0.25	0.25	8
0.25	0.5	8
0.25	0.75	8
0.25	1	8
0.5	0	8
0.5	0.25	8
0.5	0.5	8
0.5	0.75	8
0.5	1	8
0.75	0	8
0.75	0.25	8
0.75	0.5	8
0.75	0.75	8
0.75	1	8
1	0	8
1	0.25	8
1	0.5	8
1	0.75	8
1	1	8
0	0	8.2
0	0.25	8.2
0	0.5	8.2
0	0.75	8.2
0	1	8.2
0.25	0	8.2
0.25	0.25	8.2
0.25	0.5	8.2
0.25	0.75	8.2
0.25	1	8.2
0.5	0	8.2
0.5	0.25	8.2
0.5	0.5	8.2
0.5	0.75	8.2
0.5	1	8.2
0.75	0	8.2
0.75	0.25	8.2
0.75	0.5	8.2
0.75	0.75	8.2
0.75	1	8.2
1	0	8.2
1	0.25	8.2
1	0.5	8.2
1	0.75	8.2
1	1	8.2
0	0	8.4
0	0.25	8.4
0	0.5	8.4
0	0.75	8.4
0	1	8.4
0.25	0	8.4
0.25	0.25	8.4
0.25	0.5	8.4
0.25	0.75	8.4
0.25	1	8.4
0.5	0	8.4
0.5	0.25	8.4
0.5	0.5	8.4
0.5	0.75	8.4
0.5	1	8.4
0.75	0	8.4
0.75	0.25	8.4
0.75	0.5	8.4
0.75	0.75	8.4
0.75	1	8.4
1	0	8.4
1	0.25	8.4
1	0.5	8.4
1	0.75	8.4
1	1	8.4
0	0	8.6
0	0.25	8.6
0	0.5	8.6
0	0.75	8.6
0	1	8.6
0.25	0	8.6
0.25	0.25	8.6
0.25	0.5	8.6
0.25	0.75	8.6
0.25	1	8.6
0.5	0	8.6
0.5	0.25	8.6
0.5	0.5	8.6
0.5	0.75	8.6
0.5	1	8.6
0.75	0	8.6
0.75	0.25	8.6
0.75	0.5	8.6
0.75	0.75	8.6
0.75	1	8.6
1	0	8.6
1	0.25	8.6
1	0.5	8.6
1	0.75	8.6
1	1	8.6
0	0	8.8
0	0.25	8.8
0	0.5	8.8
0	0.75	8.8
0	1	8.8
0.25	0	8.8
0.25	0.25	8.8
0.25	0.5	8.8
0.25	0.75	8.8
0.25	1	8.8
0.5	0	8.8
0.5	0.25	8.8
0.5	0.5	8.8
0.5	0.75	8.8
0.5	1	8.8
0.75	0	8.8
0.75	0.25	8.8
0.75	0.5	8.8
0.75	0.75	8.8
0.75	1	8.8
1	0	8.8
1	0.25	8.8
1	0.5	8.8
1	0.75	8.8
1	1	8.8
0	0	9
0	0.25	9
0	0.5	9
0	0.75	9
0	1	9
0.25	0	9
0.25	0.25	9
0.25	0.5	9
0.25	0.75	9
0.25	1	9
0.5	0	9
0.5	0.25	9
0.5	0.5	9
0.5	0.75	9
0.5	1	9
0.75	0	9
0.75	0.25	9
0.75	0.5	9
0.75	0.75	9
0.75	1	9
1	0	9
1	0.25	9
1	0.5	9
1	0.75	9
1	1	9
0	0	9.2
0	0.25	9.2
0	0.5	9.2
0	0.75	9.2
0	1	9.2
0.25	0	9.2
0.25	0.25	9.2
0.25	0.5	9.2
0.25	0.75	9.2
0.25	1	9.2
0.5	0	9.2
0.5	0.25	9.2
0.5	0.5	9.2
0.5	0.75	9.2
0.5	1	9.2
0.75	0	9.2
0.75	0.25	9.2
0.75	0.5	9.2
0.75	0.75	9.2
0.75	1	9.2
1	0	9.2
1	0.25	9.2
1	0.5	9.2
1	0.75	9.2
1	1	9.2
0	0	9.4
0	0.25	9.4
0	0.5	9.4
0	0.75	9.4
0	1	9.4
0.25	0	9.4
0.25	0.25	9.4
0.25	0.5	9.4
0.25	0.75	9.4
0.25	1	9.4
0.5	0	9.4
0.5	0.25	9.4
0.5	0.5	9.4
0.5	0.75	9.4
0.5	1	9.4
0.75	0	9.4
0.75	0.25	9.4
0.75	0.5	9.4
0.75	0.75	9.4
0.75	1	9.4
1	0	9.4
1	0.25	9.4
1	0.5	9.4
1	0.75	9.4
1	1	9.4
0	0	9.6
0	0.25	9.6
0	0.5	9.6
0	0.75	9.6
0	1	9.6
0.25	0	9.6
0.25	0.25	9.6
0.25	0.5	9.6
0.25	0.75	9.6
0.25	1	9.6
0.5	0	9.6
0.5	0.25	9.6
0.5	0.5	9.6
0.5	0.75	9.6
0.5	1	9.6
0.75	0	9.6
0.75	0.25	9.6
0.75	0.5	9.6
0.75	0.75	9.6
0.75	1	9.6
1	0	9.6
1	0.25	9.6
1	0.5	9.6
1	0.75	9.6
1	1	9.6
0	0	9.8
0	0.25	9.8
0	0.5	9.8
0	0.75	9.8
0	1	9.8
0.25	0	9.8
0.25	0.25	9.8
0.25	0.5	9.8
0.25	0.75	9.8
0.25	1	9.8
0.5	0	9.8
0.5	0.25	9.8
0.5	0.5	9.8
0.5	0.75	9.8
0.5	1	9.8
0.75	0	9.8
0.75	0.25	9.8
0.75	0.5	9.8
0.75	0.75	9.8
0.75	1	9.8
1	0	9.8
1	0.25	9.8
1	0.5	9.8
1	0.75	9.8
1	1	9.8
0	0	10
0	0.25	10
0	0.5	10
0	0.75	10
0	1	10
0.25	0	10
0.25	0.25	10
0.25	0.5	10
0.25	0.75	10
0.25	1	10
0.5	0	10
0.5	0.25	10
0.5	0.5	10
0.5	0.75	10
0.5	1	10
0.75	0	10
0.75	0.25	10
0.75	0.5	10
0.75	0.75	10
0.75	1	10
1	0	10
1	0.25	10
1	0.5	10
1	0.75	10
1	1	10
0	0	10.2
0	0.25	10.2
0	0.5	10.2
0	0.75	10.2
0	1	10.2
0.25	0	10.2
0.25	0.25	10.2
0.25	0.5	10.2
0.25	0.75	10.2
0.25	1	10.2
0.5	0	10.2
0.5	0.25	10.2
0.5	0.5	10.2
0.5	0.75	10.2
0.5	1	10.2
0.75	0	10.2
0.75	0.25	10.2
0.75	0.5	10.2
0.75	0.75	10.2
0.75	1	10.2
1	0	10.2
1	0.25	10.2
1	0.5	10.2
1	0.75	10.2
1	1	10.2
0	0	10.4
0	0.25	10.4
0	0.5	10.4
0	0.75	10.4
0	1	10.4
0.25	0	10.4
0.25	0.25	10.4
0.25	0.5	10.4
0.25	0.75	10.4
0.25	1	10.4
0.5	0	10.4
0.5	0.25	10.4
0.5	0.5	10.4
0.5	0.75	10.4
0.5	1	10.4
0.75	0	10.4
0.75	0.25	10.4
0.75	0.5	10.4
0.75	0.75	10.4
0.75	1	10.4
1	0	10.4
1	0.25	10.4
1	0.5	10.4
1	0.75	10.4
1	1	10.4
0	0	10.6
0	0.25	10.6
0	0.5	10.6
0	0.75	10.6
0	1	10.6
0.25	0	10.6
0.25	0.25	10.6
0.25	0.5	10.6
0.25	0.75	10.6
0.25	1	10.6
0.5	0	10.6
0.5	0.25	10.6
0.5	0.5	10.6
0.5	0.75	10.6
0.5	1	10.6
0.75	0	10.6
0.75	0.25	10.6
0.75	0.5	10.6
0.75	0.75	10.6
0.75	1	10.6
1	0	10.6
1	0.25	10.6
1	0.5	10.6
1	0.75	10.6
1	1	10.6
0	0	10.8
0	0.25	10.8
0	0.5	10.8
0	0.75	10.8
0	1	10.8
0.25	0	10.8
0.25	0.25	10.8
0.25	0.5	10.8
0.25	0.75	10.8
0.25	1	10.8
0.5	0	10.8
0.5	0.25	10.8
0.5	0.5	10.8
0.5	0.75	10.8
0.5	1	10.8
0.75	0	10.8
0.75	0.25	10.8
0.75	0.5	10.8
0.75	0.75	10.8
0.75	1	10.8
1	0	10.8
1	0.25	10.8
1	0.5	10.8
1	0.75	10.8
1	1	10.8
0	0	11
0	0.25	11
0	0.5	11
0	0.75	11
0	1	11
0.25	0	11
0.25	0.25	11
0.25	0.5	11
0.25	0.75	11
0.25	1	11
0.5	0	11
0.5	0.25	11
0.5	0.5	11
0.5	0.75	11
0.5	1	11
0.75	0	11
0.75	0.25	11
0.75	0.5	11
0.75	0.75	11
0.75	1	11
1	0	11
1	0.25	11
1	0.5	11
1	0.75	11
1	1	11
0	0	11.2
0	0.25	11.2
0	0.5	11.2
0	0.75	11.2
0	1	11.2
0.25	0	11.2
0.25	0.25	11.2
0.25	0.5	11.2
0.25	0.75	11.2
0.25	1	11.2
0.5	0	11.2
0.5	0.25	11.2
0.5	0.5	11.2
0.5	0.75	11.2
0.5	1	11.2
0.75	0	11.2
0.75	0.25	11.2
0.75	0.5	11.2
0.75	0.75	11.2
0.75	1	11.2
1	0	11.2
1	0.25	11.2
1	0.5	11.2
1	0.75	11.2
1	1	11.2
0	0	11.4
0	0.25	11.4
0	0.5	11.4
0	0.75	11.4
0	1	11.4
0.25	0	11.4
0.25	0.25	11.4
0.25	0.5	11.4
0.25	0.75	11.4
0.25	1	11.4
0.5	0	11.4
0.5	0.25	11.4
0.5	0.5	11.4
0.5	0.75	11.4
0.5	1	11.4
0.75	0	11.4
0.75	0.25	11.4
0.75	0.5	11.4
0.75	0.75	11.4
0.75	1	11.4
1	0	11.4
1	0.25	11.4
1	0.5	11.4
1	0.75	11.4
1	1	11.4
0	0	11.6
0	0.25	11.6
0	0.5	11.6
0	0.75	11.6
0	1	11.6
0.25	0	11.6
0.25	0.25	11.6
0.25	0.5	11.6
0.25	0.75	11.6
0.25	1	11.6
0.5	0	11.6
0.5	0.25	11.6
0.5	0.5	11.6
0.5	0.75	11.6
0.5	1	11.6
0.75	0	11.6
0.75	0.25	11.6
0.75	0.5	11.6
0.75	0.75	11.6
0.75	1	11.6
1	0	11.6
1	0.25	11.6
1	0.5	11.6
1	0.75	11.6
1	1	11.6
0	0	11.8
0	0.25	11.8
0	0.5	11.8
0	0.75	11.8
0	1	11.8
0.25	0	11.8
0.25	0.25	11.8
0.25	0.5	11.8
0.25	0.75	11.8
0.25	1	11.8
0.5	0	11.8
0.5	0.25	11.8
0.5	0.5	11.8
0.5	0.75	11.8
0.5	1	11.8
0.75	0	11.8
0.75	0.25	11.8
0.75	0.5	11.8
0.75	0.75	11.8
0.75	1	11.8
1	0	11.8
1	0.25	11.8
1	0.5	11.8
1	0.75	11.8
1	1	11.8
0	0	12
0	0.25	12
0	0.5	12
0	0.75	12
0	1	12
0.25	0	12
0.25	0.25	12
0.25	0.5	12
0.25	0.75	12
0.25	1	12
0.5	0	12
0.5	0.25	12
0.5	0.5	12
0.5	0.75	12
0.5	1	12
0.75	0	12
0.75	0.25	12
0.75	0.5	12
0.75	0.75	12
0.75	1	12
1	0	12
1	0.25	12
1	0.5	12
1	0.75	12
1	1	12
0	0	12.2
0	0.25	12.2
0	0.5	12.2
0	0.75	12.2
0	1	12.2
0.25	0	12.2
0.25	0.25	12.2
0.25	0.5	12.2
0.25	0.75	12.2
0.25	1	12.2
0.5	0	12.2
0.5	0.25	12.2
0.5	0.5	12.2
0.5	0.75	12.2
0.5	1	12.2
0.75	0	12.2
0.75	0.25	12.2
0.75	0.5	12.2
0.75	0.75	12.2
0.75	1	12.2
1	0	12.2
1	0.25	12.2
1	0.5	12.2
1	0.75	12.2
1	1	12.2
0	0	12.4
0	0.25	12.4
0	0.5	12.4
0	0.75	12.4
0	1	12.4
0.25	0	12.4
0.25	0.25	12.4
0.25	0.5	12.4
0.25	0.75	12.4
0.25	1	12.4
0.5	0	12.4
0.5	0.25	12.4
0.5	0.5	12.4
0.5	0.75	12.4
0.5	1	12.4
0.75	0	12.4
0.75	0.25	12.4
0.75	0.5	12.4
0.75	0.75	12.4
0.75	1	12.4
1	0	12.4
1	0.25	12.4
1	0.5	12.4
1	0.75	12.4
1	1	12.4
0	0	12.6
0	0.25	12.6
0	0.5	12.6
0	0.75	12.6
0	1	12.6
0.25	0	12.6
0.25	0.25	12.6
0.25	0.5	12.6
0.25	0.75	12.6
0.25	1	12.6
0.5	0	12.6
0.5	0.25	12.6
0.5	0.5	12.6
0.5	0.75	12.6
0.5	1	12.6
0.75	0	12.6
0.75	0.25	12.6
0.75	0.5	12.6
0.75	0.75	12.6
0.75	1	12.6
1	0	12.6
1	0.25	12.6
1	0.5	12.6
1	0.75	12.6
1	1	12.6
0	0	12.8
0	0.25	12.8
0	0.5	12.8
0	0.75	12.8
0	1	12.8
0.25	0	12.8
0.25	0.25	12.8
0.25	0.5	12.8
0.25	0.75	12.8
0.25	1	12.8
0.5	0	12.8
0.5	0.25	12.8
0.5	0.5	12.8
0.5	0.75	12.8
0.5	1	12.8
0.75	0	12.8
0.75	0.25	12.8
0.75	0.5	12.8
0.75	0.75	12.8
0.75	1	12.8
1	0	12.8
1	0.25	12.8
1	0.5	12.8
1	0.75	12.8
1	1	12.8
0	0	13
0	0.25	13
0	0.5	13
0	0.75	13
0	1	13
0.25	0	13
0.25	0.25	13
0.25	0.5	13
0.25	0.75	13
0.25	1	13
0.5	0	13
0.5	0.25	13
0.5	0.5	13
0.5	0.75	13
0.5	1	13
0.75	0	13
0.75	0.25	13
0.75	0.5	13
0.75	0.75	13
0.75	1	13
1	0	13
1	0.25	13
1	0.5	13
1	0.75	13
1	1	13
0	0	13.2
0	0.25	13.2
0	0.5	13.2
0	0.75	13.2
0	1	13.2
0.25	0	13.2
0.25	0.25	13.2
0.25	0.5	13.2
0.25	0.75	13.2
0.25	1	13.2
0.5	0	13.2
0.5	0.25	13.2
0.5	0.5	13.2
0.5	0.75	13.2
0.5	1	13.2
0.75	0	13.2
0.75	0.25	13.2
0.75	0.5	13.2
0.75	0.75	13.2
0.75	1	13.2
1	0	13.2
1	0.25	13.2
1	0.5	13.2
1	0.75	13.2
1	1	13.2
0	0	13.4
0	0.25	13.4
0	0.5	13.4
0	0.75	13.4
0	1	13.4
0.25	0	13.4
0.25	0.25	13.4
0.25	0.5	13.4
0.25	0.75	13.4
0.25	1	13.4
0.5	0	13.4
0.5	0.25	13.4
0.5	0.5	13.4
0.5	0.75	13.4
0.5	1	13.4
0.75	0	13.4
0.75	0.25	13.4
0.75	0.5	13.4
0.75	0.75	13.4
0.75	1	13.4
1	0	13.4
1	0.25	13.4
1	0.5	13.4
1	0.75	13.4
1	1	13.4
0	0	13.6
0	0.25	13.6
0	0.5	13.6
0	0.75	13.6
0	1	13.6
0.25	0	13.6
0.25	0.25	13.6
0.25	0.5	13.6
0.25	0.75	13.6
0.25	1	13.6
0.5	0	13.6
0.5	0.25	13.6
0.5	0.5	13.6
0.5	0.75	13.6
0.5	1	13.6
0.75	0	13.6
0.75	0.25	13.6
0.75	0.5	13.6
0.75	0.75	13.6
0.75	1	13.6
1	0	13.6
1	0.25	13.6
1	0.5	13.6
1	0.75	13.6
1	1	13.6
0	0	13.8
0	0.25	13.8
0	0.5	13.8
0	0.75	13.8
0	1	13.8
0.25	0	13.8
0.25	0.25	13.8
0.25	0.5	13.8
0.25	0.75	13.8
0.25	1	13.8
0.5	0	13.8
0.5	0.25	13.8
0.5	0.5	13.8
0.5	0.75	13.8
0.5	1	13.8
0.75	0	13.8
0.75	0.25	13.8
0.75	0.5	13.8
0.75	0.75	13.8
0.75	1	13.8
1	0	13.8
1	0.25	13.8
1	0.5	13.8
1	0.75	13.8
1	1	13.8
0	0	14
0	0.25	14
0	0.5	14
0	0.75	14
0	1	14
0.25	0	14
0.25	0.25	14
0.25	0.5	14
0.25	0.75	14
0.25	1	14
0.5	0	14
0.5	0.25	14
0.5	0.5	14
0.5	0.75	14
0.5	1	14
0.75	0	14
0.75	0.25	14
0.75	0.5	14
0.75	0.75	14
0.75	1	14
1	0	14
1	0.25	14
1	0.5	14
1	0.75	14
1	1	14
0	0	14.2
0	0.25	14.2
0	0.5	14.2
0	0.75	14.2
0	1	14.2
0.25	0	14.2
0.25	0.25	14.2
0.25	0.5	14.2
0.25	0.75	14.2
0.25	1	14.2
0.5	0	14.2
0.5	0.25	14.2
0.5	0.5	14.2
0.5	0.75	14.2
0.5	1	14.2
0.75	0	14.2
0.75	0.25	14.2
0.75	0.5	14.2
0.75	0.75	14.2
0.75	1	14.2
1	0	14.2
1	0.25	14.2
1	0.5	14.2
1	0.75	14.2
1	1	14.2
0	0	14.4
0	0.25	14.4
0	0.5	14.4
0	0.75	14.4
0	1	14.4
0.25	0	14.4
0.25	0.25	14.4
0.25	0.5	14.4
0.25	0.75	14.4
0.25	1	14.4
0.5	0	14.4
0.5	0.25	14.4
0.5	0.5	14.4
0.5	0.75	14.4
0.5	1	14.4
0.75	0	14.4
0.75	0.25	14.4
0.75	0.5	14.4
0.75	0.75	14.4
0.75	1	14.4
1	0	14.4
1	0.25	14.4
1	0.5	14.4
1	0.75	14.4
1	1	14.4
0	0	14.6
0	0.25	14.6
0	0.5	14.6
0	0.75	14.6
0	1	14.6
0.25	0	14.6
0.25	0.25	14.6
0.25	0.5	14.6
0.25	0.75	14.6
0.25	1	14.6
0.5	0	14.6
0.5	0.25	14.6
0.5	0.5	14.6
0.5	0.75	14.6
0.5	1	14.6
0.75	0	14.6
0.75	0.25	14.6
0.75	0.5	14.6
0.75	0.75	14.6
0.75	1	14.6
1	0	14.6
1	0.25	14.6
1	0.5	14.6
1	0.75	14.6
1	1	14.6
0	0	14.8
0	0.25	14.8
0	0.5	14.8
0	0.75	14.8
0	1	14.8
0.25	0	14.8
0.25	0.25	14.8
0.25	0.5	14.8
0.25	0.75	14.8
0.25	1	14.8
0.5	0	14.8
0.5	0.25	14.8
0.5	0.5	14.8
0.5	0.75	14.8
0.5	1	14.8
0.75	0	14.8
0.75	0.25	14.8
0.75	0.5	14.8
0.75	0.75	14.8
0.75	1	14.8
1	0	14.8
1	0.25	14.8
1	0.5	14.8
1	0.75	14.8
1	1	14.8
0	0	15
0	0.25	15
0	0.5	15
0	0.75	15
0	1	15
0.25	0	15
0.25	0.25	15
0.25	0.5	15
0.25	0.75	15
0.25	1	15
0.5	0	15
0.5	0.25	15
0.5	0.5	15
0.5	0.75	15
0.5	1	15
0.75	0	15
0.75	0.25	15
0.75	0.5	15
0.75	0.75	15
0.75	1	15
1	0	15
1	0.25	15
1	0.5	15
1	0.75	15
1	1	15
0	0	15.2
0	0.25	15.2
0	0.5	15.2
0	0.75	15.2
0	1	15.2
0.25	0	15.2
0.25	0.25	15.2
0.25	0.5	15.2
0.25	0.75	15.2
0.25	1	15.2
0.5	0	15.2
0.5	0.25	15.2
0.5	0.5	15.2
0.5	0.75	15.2
0.5	1	15.2
0.75	0	15.2
0.75	0.25	15.2
0.75	0.5	15.2
0.75	0.75	15.2
0.75	1	15.2
1	0	15.2
1	0.25	15.2
1	0.5	15.2
1	0.75	15.2
1	1	15.2
0	0	15.4
0	0.25	15.4
0	0.5	15.4
0	0.75	15.4
0	1	15.4
0.25	0	15.4
0.25	0.25	15.4
0.25	0.5	15.4
0.25	0.75	15.4
0.25	1	15.4
0.5	0	15.4
0.5	0.25	15.4
0.5	0.5	15.4
0.5	0.75	15.4
0.5	1	15.4
0.75	0	15.4
0.75	0.25	15.4
0.75	0.5	15.4
0.75	0.75	15.4
0.75	1	15.4
1	0	15.4
1	0.25	15.4
1	0.5	15.4
1	0.75	15.4
1	1	15.4
0	0	15.6
0	0.25	15.6
0	0.5	15.6
0	0.75	15.6
0	1	15.6
0.25	0	15.6
0.25	0.25	15.6
0.25	0.5	15.6
0.25	0.75	15.6
0.25	1	15.6
0.5	0	15.6
0.5	0.25	15.6
0.5	0.5	15.6
0.5	0.75	15.6
0.5	1	15.6
0.75	0	15.6
0.75	0.25	15.6
0.75	0.5	15.6
0.75	0.75	15.6
0.75	1	15.6
1	0	15.6
1	0.25	15.6
1	0.5	15.6
1	0.75	15.6
1	1	15.6
0	0	15.8
0	0.25	15.8
0	0.5	15.8
0	0.75	15.8
0	1	15.8
0.25	0	15.8
0.25	0.25	15.8
0.25	0.5	15.8
0.25	0.75	15.8
0.25	1	15.8
0.5	0	15.8
0.5	0.25	15.8
0.5	0.5	15.8
0.5	0.75	15.8
0.5	1	15.8
0.75	0	15.8
0.75	0.25	15.8
0.75	0.5	15.8
0.75	0.75	15.8
0.75	1	15.8
1	0	15.8
1	0.25	15.8
1	0.5	15.8
1	0.75	15.8
1	1	15.8
0	0	16
0	0.25	16
0	0.5	16
0	0.75	16
0	1	16
0.25	0	16
0.25	0.25	16
0.25	0.5	16
0.25	0.75	16
0.25	1	16
0.5	0	16
0.5	0.25	16
0.5	0.5	16
0.5	0.75	16
0.5	1	16
0.75	0	16
0.75	0.25	16
0.75	0.5	16
0.75	0.75	16
0.75	1	16
1	0	16
1	0.25	16
1	0.5	16
1	0.75	16
1	1	16
0	0	16.2
0	0.25	16.2
0	0.5	16.2
0	0.75	16.2
0	1	16.2
0.25	0	16.2
0.25	0.25	16.2
0.25	0.5	16.2
0.25	0.75	16.2
0.25	1	16.2
0.5	0	16.2
0.5	0.25	16.2
0.5	0.5	16.2
0.5	0.75	16.2
0.5	1	16.2
0.75	0	16.2
0.75	0.25	16.2
0.75	0.5	16.2
0.75	0.75	16.2
0.75	1	16.2
1	0	16.2
1	0.25	16.2
1	0.5	16.2
1	0.75	16.2
1	1	16.2
0	0	16.4
0	0.25	16.4
0	0.5	16.4
0	0.75	16.4
0	1	16.4
0.25	0	16.4
0.25	0.25	16.4
0.25	0.5	16.4
0.25	0.75	16.4
0.25	1	16.4
0.5	0	16.4
0.5	0.25	16.4
0.5	0.5	16.4
0.5	0.75	16.4
0.5	1	16.4
0.75	0	16.4
0.75	0.25	16.4
0.75	0.5	16.4
0.75	0.75	16.4
0.75	1	16.4
1	0	16.4
1	0.25	16.4
1	0.5	16.4
1	0.75	16.4
1	1	16.4
0	0	16.6
0	0.25	16.6
0	0.5	16.6
0	0.75	16.6
0	1	16.6
0.25	0	16.6
0.25	0.25	16.6
0.25	0.5	16.6
0.25	0.75	16.6
0.25	1	16.6
0.5	0	16.6
0.5	0.25	16.6
0.5	0.5	16.6
0.5	0.75	16.6
0.5	1	16.6
0.75	0	16.6
0.75	0.25	16.6
0.75	0.5	16.6
0.75	0.75	16.6
0.75	1	16.6
1	0	16.6
1	0.25	16.6
1	0.5	16.6
1	0.75	16.6
1	1	16.6
0	0	16.8
0	0.25	16.8
0	0.5	16.8
0	0.75	16.8
0	1	16.8
0.25	0	16.8
0.25	0.25	16.8
0.25	0.5	16.8
0.25	0.75	16.8
0.25	1	16.8
0.5	0	16.8
0.5	0.25	16.8
0.5	0.5	16.8
0.5	0.75	16.8
0.5	1	16.8
0.75	0	16.8
0.75	0.25	16.8
0.75	0.5	16.8
0.75	0.75	16.8
0.75	1	16.8
1	0	16.8
1	0.25	16.8
1	0.5	16.8
1	0.75	16.8
1	1	16.8
0	0	17
0	0.25	17
0	0.5	17
0	0.75	17
0	1	17
0.25	0	17
0.25	0.25	17
0.25	0.5	17
0.25	0.75	17
0.25	1	17
0.5	0	17
0.5	0.25	17
0.5	0.5	17
0.5	0.75	17
0.5	1	17
0.75	0	17
0.75	0.25	17
0.75	0.5	17
0.75	0.75	17
0.75	1	17
1	0	17
1	0.25	17
1	0.5	17
1	0.75	17
1	1	17
0	0	17.2
0	0.25	17.2
0	0.5	17.2
0	0.75	17.2
0	1	17.2
0.25	0	17.2
0.25	0.25	17.2
0.25	0.5	17.2
0.25	0.75	17.2
0.25	1	17.2
0.5	0	17.2
0.5	0.25	17.2
0.5	0.5	17.2
0.5	0.75	17.2
0.5	1	17.2
0.75	0	17.2
0.75	0.25	17.2
0.75	0.5	17.2
0.75	0.75	17.2
0.75	1	17.2
1	0	17.2
1	0.25	17.2
1	0.5	17.2
1	0.75	17.2
1	1	17.2
0	0	17.4
0	0.25	17.4
0	0.5	17.4
0	0.75	17.4
0	1	17.4
0.25	0	17.4
0.25	0.25	17.4
0.25	0.5	17.4
0.25	0.75	17.4
0.25	1	17.4
0.5	0	17.4
0.5	0.25	17.4
0.5	0.5	17.4
0.5	0.75	17.4
0.5	1	17.4
0.75	0	17.4
0.75	0.25	17.4
0.75	0.5	17.4
0.75	0.75	17.4
0.75	1	17.4
1	0	17.4
1	0.25	17.4
1	0.5	17.4
1	0.75	17.4
1	1	17.4
0	0	17.6
0	0.25	17.6
0	0.5	17.6
0	0.75	17.6
0	1	17.6
0.25	0	17.6
0.25	0.25	17.6
0.25	0.5	17.6
0.25	0.75	17.6
0.25	1	17.6
0.5	0	17.6
0.5	0.25	17.6
0.5	0.5	17.6
0.5	0.75	17.6
0.5	1	17.6
0.75	0	17.6
0.75	0.25	17.6
0.75	0.5	17.6
0.75	0.75	17.6
0.75	1	17.6
1	0	17.6
1	0.25	17.6
1	0.5	17.6
1	0.75	17.6
1	1	17.6
0	0	17.8
0	0.25	17.8
0	0.5	17.8
0	0.75	17.8
0	1	17.8
0.25	0	17.8
0.25	0.25	17.8
0.25	0.5	17.8
0.25	0.75	17.8
0.25	1	17.8
0.5	0	17.8
0.5	0.25	17.8
0.5	0.5	17.8
0.5	0.75	17.8
0.5	1	17.8
0.75	0	17.8
0.75	0.25	17.8
0.75	0.5	17.8
0.75	0.75	17.8
0.75	1	17.8
1	0	17.8
1	0.25	17.8
1	0.5	17.8
1	0.75	17.8
1	1	17.8
0	0	18
0	0.25	18
0	0.5	18
0	0.75	18
0	1	18
0.25	0	18
0.25	0.25	18
0.25	0.5	18
0.25	0.75	18
0.25	1	18
0.5	0	18
0.5	0.25	18
0.5	0.5	18
0.5	0.75	18
0.5	1	18
0.75	0	18
0.75	0.25	18
0.75	0.5	18
0.75	0.75	18
0.75	1	18
1	0	18
1	0.25	18
1	0.5	18
1	0.75	18
1	1	18
0	0	18.2
0	0.25	18.2
0	0.5	18.2
0	0.75	18.2
0	1	18.2
0.25	0	18.2
0.25	0.25	18.2
0.25	0.5	18.2
0.25	0.75	18.2
0.25	1	18.2
0.5	0	18.2
0.5	0.25	18.2
0.5	0.5	18.2
0.5	0.75	18.2
0.5	1	18.2
0.75	0	18.2
0.75	0.25	18.2
0.75	0.5	18.2
0.75	0.75	18.2
0.75	1	18.2
1	0	18.2
1	0.25	18.2
1	0.5	18.2
1	0.75	18.2
1	1	18.2
0	0	18.4
0	0.25	18.4
0	0.5	18.4
0	0.75	18.4
0	1	18.4
0.25	0	18.4
0.25	0.25	18.4
0.25	0.5	18.4
0.25	0.75	18.4
0.25	1	18.4
0.5	0	18.4
0.5	0.25	18.4
0.5	0.5	18.4
0.5	0.75	18.4
0.5	1	18.4
0.75	0	18.4
0.75	0.25	18.4
0.75	0.5	18.4
0.75	0.75	18.4
0.75	1	18.4
1	0	18.4
1	0.25	18.4
1	0.5	18.4
1	0.75	18.4
1	1	18.4
0	0	18.6
0	0.25	18.6
0	0.5	18.6
0	0.75	18.6
0	1	18.6
0.25	0	18.6
0.25	0.25	18.6
0.25	0.5	18.6
0.25	0.75	18.6
0.25	1	18.6
0.5	0	18.6
0.5	0.25	18.6
0.5	0.5	18.6
0.5	0.75	18.6
0.5	1	18.6
0.75	0	18.6
0.75	0.25	18.6
0.75	0.5	18.6
0.75	0.75	18.6
0.75	1	18.6
1	0	18.6
1	0.25	18.6
1	0.5	18.6
1	0.75	18.6
1	1	18.6
0	0	18.8
0	0.25	18.8
0	0.5	18.8
0	0.75	18.8
0	1	18.8
0.25	0	18.8
0.25	0.25	18.8
0.25	0.5	18.8
0.25	0.75	18.8
0.25	1	18.8
0.5	0	18.8
0.5	0.25	18.8
0.5	0.5	18.8
0.5	0.75	18.8
0.5	1	18.8
0.75	0	18.8
0.75	0.25	18.8
0.75	0.5	18.8
0.75	0.75	18.8
0.75	1	18.8
1	0	18.8
1	0.25	18.8
1	0.5	18.8
1	0.75	18.8
1	1	18.8
0	0	19
0	0.25	19
0	0.5	19
0	0.75	19
0	1	19
0.25	0	19
0.25	0.25	19
0.25	0.5	19
0.25	0.75	19
0.25	1	19
0.5	0	19
0.5	0.25	19
0.5	0.5	19
0.5	0.75	19
0.5	1	19
0.75	0	19
0.75	0.25	19
0.75	0.5	19
0.75	0.75	19
0.75	1	19
1	0	19
1	0.25	19
1	0.5	19
1	0.75	19
1	1	19
0	0	19.2
0	0.25	19.2
0	0.5	19.2
0	0.75	19.2
0	1	19.2
0.25	0	19.2
0.25	0.25	19.2
0.25	0.5	19.2
0.25	0.75	19.2
0.25	1	19.2
0.5	0	19.2
0.5	0.25	19.2
0.5	0.5	19.2
0.5	0.75	19.2
0.5	1	19.2
0.75	0	19.2
0.75	0.25	19.2
0.75	0.5	19.2
0.75	0.75	19.2
0.75	1	19.2
1	0	19.2
1	0.25	19.2
1	0.5	19.2
1	0.75	19.2
1	1	19.2
0	0	19.4
0	0.25	19.4
0	0.5	19.4
0	0.75	19.4
0	1	19.4
0.25	0	19.4
0.25	0.25	19.4
0.25	0.5	19.4
0.25	0.75	19.4
0.25	1	19.4
0.5	0	19.4
0.5	0.25	19.4
0.5	0.5	19.4
0.5	0.75	19.4
0.5	1	19.4
0.75	0	19.4
0.75	0.25	19.4
0.75	0.5	19.4
0.75	0.75	19.4
0.75	1	19.4
1	0	19.4
1	0.25	19.4
1	0.5	19.4
1	0.75	19.4
1	1	19.4
0	0	19.6
0	0.25	19.6
0	0.5	19.6
0	0.75	19.6
0	1	19.6
0.25	0	19.6
0.25	0.25	19.6
0.25	0.5	19.6
0.25	0.75	19.6
0.25	1	19.6
0.5	0	19.6
0.5	0.25	19.6
0.5	0.5	19.6
0.5	0.75	19.6
0.5	1	19.6
0.75	0	19.6
0.75	0.25	19.6
0.75	0.5	19.6
0.75	0.75	19.6
0.75	1	19.6
1	0	19.6
1	0.25	19.6
1	0.5	19.6
1	0.75	19.6
1	1	19.6
0	0	19.8
0	0.25	19.8
0	0.5	19.8
0	0.75	19.8
0	1	19.8
0.25	0	19.8
0.25	0.25	19.8
0.25	0.5	19.8
0.25	0.75	19.8
0.25	1	19.8
0.5	0	19.8
0.5	0.25	19.8
0.5	0.5	19.8
0.5	0.75	19.8
0.5	1	19.8
0.75	0	19.8
0.75	0.25	19.8
0.75	0.5	19.8
0.75	0.75	19.8
0.75	1	19.8
1	0	19.8
1	0.25	19.8
1	0.5	19.8
1	0.75	19.8
1	1	19.8
0	0	20
0	0.25	20
0	0.5	20
0	0.75	20
0	1	20
0.25	0	20
0.25	0.25	20
0.25	0.5	20
0.25	0.75	20
0.25	1	20
0.5	0	20
0.5	0.25	20
0.5	0.5	20
0.5	0.75	20
0.5	1	20
0.75	0	20
0.75	0.25	20
0.75	0.5	20
0.75	0.75	20
0.75	1	20
1	0	20
1	0.25	20
1	0.5	20
1	0.75	20
1	1	20
0	0	20.2
0	0.25	20.2
0	0.5	20.2
0	0.75	20.2
0	1	20.2
0.25	0	20.2
0.25	0.25	20.2
0.25	0.5	20.2
0.25	0.75	20.2
0.25	1	20.2
0.5	0	20.2
0.5	0.25	20.2
0.5	0.5	20.2
0.5	0.75	20.2
0.5	1	20.2
0.75	0	20.2
0.75	0.25	20.2
0.75	0.5	20.2
0.75	0.75	20.2
0.75	1	20.2
1	0	20.2
1	0.25	20.2
1	0.5	20.2
1	0.75	20.2
1	1	20.2
0	0	20.4
0	0.25	20.4
0	0.5	20.4
0	0.75	20.4
0	1	20.4
0.25	0	20.4
0.25	0.25	20.4
0.25	0.5	20.4
0.25	0.75	20.4
0.25	1	20.4
0.5	0	20.4
0.5	0.25	20.4
0.5	0.5	20.4
0.5	0.75	20.4
0.5	1	20.4
0.75	0	20.4
0.75	0.25	20.4
0.75	0.5	20.4
0.75	0.75	20.4
0.75	1	20.4
1	0	20.4
1	0.25	20.4
1	0.5	20.4
1	0.75	20.4
1	1	20.4
0	0	20.6
0	0.25	20.6
0	0.5	20.6
0	0.75	20.6
0	1	20.6
0.25	0	20.6
0.25	0.25	20.6
0.25	0.5	20.6
0.25	0.75	20.6
0.25	1	20.6
0.5	0	20.6
0.5	0.25	20.6
0.5	0.5	20.6
0.5	0.75	20.6
0.5	1	20.6
0.75	0	20.6
0.75	0.25	20.6
0.75	0.5	20.6
0.75	0.75	20.6
0.75	1	20.6
1	0	20.6
1	0.25	20.6
1	0.5	20.6
1	0.75	20.6
1	1	20.6
0	0	20.8
0	0.25	20.8
0	0.5	20.8
0	0.75	20.8
0	1	20.8
0.25	0	20.8
0.25	0.25	20.8
0.25	0.5	20.8
0.25	0.75	20.8
0.25	1	20.8
0.5	0	20.8
0.5	0.25	20.8
0.5	0.5	20.8
0.5	0.75	20.8
0.5	1	20.8
0.75	0	20.8
0.75	0.25	20.8
0.75	0.5	20.8
0.75	0.75	20.8
0.75	1	20.8
1	0	20.8
1	0.25	20.8
1	0.5	20.8
1	0.75	20.8
1	1	20.8
0	0	21
0	0.25	21
0	0.5	21
0	0.75	21
0	1	21
0.25	0	21
0.25	0.25	21
0.25	0.5	21
0.25	0.75	21
0.25	1	21
0.5	0	21
0.5	0.25	21
0.5	0.5	21
0.5	0.75	21
0.5	1	21
0.75	0	21
0.75	0.25	21
0.75	0.5	21
0.75	0.75	21
0.75	1	21
1	0	21
1	0.25	21
1	0.5	21
1	0.75	21
1	1	21
0	0	21.2
0	0.25	21.2
0	0.5	21.2
0	0.75	21.2
0	1	21.2
0.25	0	21.2
0.25	0.25	21.2
0.25	0.5	21.2
0.25	0.75	21.2
0.25	1	21.2
0.5	0	21.2
0.5	0.25	21.2
0.5	0.5	21.2
0.5	0.75	21.2
0.5	1	21.2
0.75	0	21.2
0.75	0.25	21.2
0.75	0.5	21.2
0.75	0.75	21.2
0.75	1	21.2
1	0	21.2
1	0.25	21.2
1	0.5	21.2
1	0.75	21.2
1	1	21.2
0	0	21.4
0	0.25	21.4
0	0.5	21.4
0	0.75	21.4
0	1	21.4
0.25	0	21.4
0.25	0.25	21.4
0.25	0.5	21.4
0.25	0.75	21.4
0.25	1	21.4
0.5	0	21.4
0.5	0.25	21.4
0.5	0.5	21.4
0.5	0.75	21.4
0.5	1	21.4
0.75	0	21.4
0.75	0.25	21.4
0.75	0.5	21.4
0.75	0.75	21.4
0.75	1	21.4
1	0	21.4
1	0.25	21.4
1	0.5	21.4
1	0.75	21.4
1	1	21.4
0	0	21.6
0	0.25	21.6
0	0.5	21.6
0	0.75	21.6
0	1	21.6
0.25	0	21.6
0.25	0.25	21.6
0.25	0.5	21.6
0.25	0.75	21.6
0.25	1	21.6
0.5	0	21.6
0.5	0.25	21.6
0.5	0.5	21.6
0.5	0.75	21.6
0.5	1	21.6
0.75	0	21.6
0.75	0.25	21.6
0.75	0.5	21.6
0.75	0.75	21.6
0.75	1	21.6
1	0	21.6
1	0.25	21.6
1	0.5	21.6
1	0.75	21.6
1	1	21.6
0	0	21.8
0	0.25	21.8
0	0.5	21.8
0	0.75	21.8
0	1	21.8
0.25	0	21.8
0.25	0.25	21.8
0.25	0.5	21.8
0.25	0.75	21.8
0.25	1	21.8
0.5	0	21.8
0.5	0.25	21.8
0.5	0.5	21.8
0.5	0.75	21.8
0.5	1	21.8
0.75	0	21.8
0.75	0.25	21.8
0.75	0.5	21.8
0.75	0.75	21.8
0.75	1	21.8
1	0	21.8
1	0.25	21.8
1	0.5	21.8
1	0.75	21.8
1	1	21.8
0	0	22
0	0.25	22
0	0.5	22
0	0.75	22
0	1	22
0.25	0	22
0.25	0.25	22
0.25	0.5	22
0.25	0.75	22
0.25	1	22
0.5	0	22
0.5	0.25	22
0.5	0.5	22
0.5	0.75	22
0.5	1	22
0.75	0	22
0.75	0.25	22
0.75	0.5	22
0.75	0.75	22
0.75	1	22
1	0	22
1	0.25	22
1	0.5	22
1	0.75	22
1	1	22
0	0	22.2
0	0.25	22.2
0	0.5	22.2
0	0.75	22.2
0	1	22.2
0.25	0	22.2
0.25	0.25	22.2
0.25	0.5	22.2
0.25	0.75	22.2
0.25	1	22.2
0.5	0	22.2
0.5	0.25	22.2
0.5	0.5	22.2
0.5	0.75	22.2
0.5	1	22.2
0.75	0	22.2
0.75	0.25	22.2
0.75	0.5	22.2
0.75	0.75	22.2
0.75	1	22.2
1	0	22.2
1	0.25	22.2
1	0.5	22.2
1	0.75	22.2
1	1	22.2
0	0	22.4
0	0.25	22.4
0	0.5	22.4
0	0.75	22.4
0	1	22.4
0.25	0	22.4
0.25	0.25	22.4
0.25	0.5	22.4
0.25	0.75	22.4
0.25	1	22.4
0.5	0	22.4
0.5	0.25	22.4
0.5	0.5	22.4
0.5	0.75	22.4
0.5	1	22.4
0.75	0	22.4
0.75	0.25	22.4
0.75	0.5	22.4
0.75	0.75	22.4
0.75	1	22.4
1	0	22.4
1	0.25	22.4
1	0.5	22.4
1	0.75	22.4
1	1	22.4
0	0	22.6
0	0.25	22.6
0	0.5	22.6
0	0.75	22.6
0	1	22.6
0.25	0	22.6
0.25	0.25	22.6
0.25	0.5	22.6
0.25	0.75	22.6
0.25	1	22.6
0.5	0	22.6
0.5	0.25	22.6
0.5	0.5	22.6
0.5	0.75	22.6
0.5	1	22.6
0.75	0	22.6
0.75	0.25	22.6
0.75	0.5	22.6
0.75	0.75	22.6
0.75	1	22.6
1	0	22.6
1	0.25	22.6
1	0.5	22.6
1	0.75	22.6
1	1	22.6
0	0	22.8
0	0.25	22.8
0	0.5	22.8
0	0.75	22.8
0	1	22.8
0.25	0	22.8
0.25	0.25	22.8
0.25	0.5	22.8
0.25	0.75	22.8
0.25	1	22.8
0.5	0	22.8
0.5	0.25	22.8
0.5	0.5	22.8
0.5	0.75	22.8
0.5	1	22.8
0.75	0	22.8
0.75	0.25	22.8
0.75	0.5	22.8
0.75	0.75	22.8
0.75	1	22.8
1	0	22.8
1	0.25	22.8
1	0.5	22.8
1	0.75	22.8
1	1	22.8
0	0	23
0	0.25	23
0	0.5	23
0	0.75	23
0	1	23
0.25	0	23
0.25	0.25	23
0.25	0.5	23
0.25	0.75	23
0.25	1	23
0.5	0	23
0.5	0.25	23
0.5	0.5	23
0.5	0.75	23
0.5	1	23
0.75	0	23
0.75	0.25	23
0.75	0.5	23
0.75	0.75	23
0.75	1	23
1	0	23
1	0.25	23
1	0.5	23
1	0.75	23
1	1	23
0	0	23.2
0	0.25	23.2
0	0.5	23.2
0	0.75	23.2
0	1	23.2
0.25	0	23.2
0.25	0.25	23.2
0.25	0.5	23.2
0.25	0.75	23.2
0.25	1	23.2
0.5	0	23.2
0.5	0.25	23.2
0.5	0.5	23.2
0.5	0.75	23.2
0.5	1	23.2
0.75	0	23.2
0.75	0.25	23.2
0.75	0.5	23.2
0.75	0.75	23.2
0.75	1	23.2
1	0	23.2
1	0.25	23.2
1	0.5	23.2
1	0.75	23.2
1	1	23.2
0	0	23.4
0	0.25	23.4
0	0.5	23.4
0	0.75	23.4
0	1	23.4
0.25	0	23.4
0.25	0.25	23.4
0.25	0.5	23.4
0.25	0.75	23.4
0.25	1	23.4
0.5	0	23.4
0.5	0.25	23.4
0.5	0.5	23.4
0.5	0.75	23.4
0.5	1	23.4
0.75	0	23.4
0.75	0.25	23.4
0.75	0.5	23.4
0.75	0.75	23.4
0.75	1	23.4
1	0	23.4
1	0.25	23.4
1	0.5	23.4
1	0.75	23.4
1	1	23.4
0	0	23.6
0	0.25	23.6
0	0.5	23.6
0	0.75	23.6
0	1	23.6
0.25	0	23.6
0.25	0.25	23.6
0.25	0.5	23.6
0.25	0.75	23.6
0.25	1	23.6
0.5	0	23.6
0.5	0.25	23.6
0.5	0.5	23.6
0.5	0.75	23.6
0.5	1	23.6
0.75	0	23.6
0.75	0.25	23.6
0.75	0.5	23.6
0.75	0.75	23.6
0.75	1	23.6
1	0	23.6
1	0.25	23.6
1	0.5	23.6
1	0.75	23.6
1	1	23.6
0	0	23.8
0	0.25	23.8
0	0.5	23.8
0	0.75	23.8
0	1	23.8
0.25	0	23.8
0.25	0.25	23.8
0.25	0.5	23.8
0.25	0.75	23.8
0.25	1	23.8
0.5	0	23.8
0.5	0.25	23.8
0.5	0.5	23.8
0.5	0.75	23.8
0.5	1	23.8
0.75	0	23.8
0.75	0.25	23.8
0.75	0.5	23.8
0.75	0.75	23.8
0.75	1	23.8
1	0	23.8
1	0.25	23.8
1	0.5	23.8
1	0.75	23.8
1	1	23.8
0	0	24
0	0.25	24
0	0.5	24
0	0.75	24
0	1	24
0.25	0	24
0.25	0.25	24
0.25	0.5	24
0.25	0.75	24
0.25	1	24
0.5	0	24
0.5	0.25	24
0.5	0.5	24
0.5	0.75	24
0.5	1	24
0.75	0	24
0.75	0.25	24
0.75	0.5	24
0.75	0.75	24
0.75	1	24
1	0	24
1	0.25	24
1	0.5	24
1	0.75	24
1	1	24
0	0	24.2
0	0.25	24.2
0	0.5	24.2
0	0.75	24.2
0	1	24.2
0.25	0	24.2
0.25	0.25	24.2
0.25	0.5	24.2
0.25	0.75	24.2
0.25	1	24.2
0.5	0	24.2
0.5	0.25	24.2
0.5	0.5	24.2
0.5	0.75	24.2
0.5	1	24.2
0.75	0	24.2
0.75	0.25	24.2
0.75	0.5	24.2
0.75	0.75	24.2
0.75	1	24.2
1	0	24.2
1	0.25	24.2
1	0.5	24.2
1	0.75	24.2
1	1	24.2
0	0	24.4
0	0.25	24.4
0	0.5	24.4
0	0.75	24.4
0	1	24.4
0.25	0	24.4
0.25	0.25	24.4
0.25	0.5	24.4
0.25	0.75	24.4
0.25	1	24.4
0.5	0	24.4
0.5	0.25	24.4
0.5	0.5	24.4
0.5	0.75	24.4
0.5	1	24.4
0.75	0	24.4
0.75	0.25	24.4
0.75	0.5	24.4
0.75	0.75	24.4
0.75	1	24.4
1	0	24.4
1	0.25	24.4
1	0.5	24.4
1	0.75	24.4
1	1	24.4
0	0	24.6
0	0.25	24.6
0	0.5	24.6
0	0.75	24.6
0	1	24.6
0.25	0	24.6
0.25	0.25	24.6
0.25	0.5	24.6
0.25	0.75	24.6
0.25	1	24.6
0.5	0	24.6
0.5	0.25	24.6
0.5	0.5	24.6
0.5	0.75	24.6
0.5	1	24.6
0.75	0	24.6
0.75	0.25	24.6
0.75	0.5	24.6
0.75	0.75	24.6
0.75	1	24.6
1	0	24.6
1	0.25	24.6
1	0.5	24.6
1	0.75	24.6
1	1	24.6
0	0	24.8
0	0.25	24.8
0	0.5	24.8
0	0.75	24.8
0	1	24.8
0.25	0	24.8
0.25	0.25	24.8
0.25	0.5	24.8
0.25	0.75	24.8
0.25	1	24.8
0.5	0	24.8
0.5	0.25	24.8
0.5	0.5	24.8
0.5	0.75	24.8
0.5	1	24.8
0.75	0	24.8
0.75	0.25	24.8
0.75	0.5	24.8
0.75	0.75	24.8
0.75	1	24.8
1	0	24.8
1	0.25	24.8
1	0.5	24.8
1	0.75	24.8
1	1	24.8
0	0	25
0	0.25	25
0	0.5	25
0	0.75	25
0	1	25
0.25	0	25
0.25	0.25	25
0.25	0.5	25
0.25	0.75	25
0.25	1	25
0.5	0	25
0.5	0.25	25
0.5	0.5	25
0.5	0.75	25
0.5	1	25
0.75	0	25
0.75	0.25	25
0.75	0.5	25
0.75	0.75	25
0.75	1	25
1	0	25
1	0.25	25
1	0.5	25
1	0.75	25
1	1	25
0	0	25.2
0	0.25	25.2
0	0.5	25.2
0	0.75	25.2
0	1	25.2
0.25	0	25.2
0.25	0.25	25.2
0.25	0.5	25.2
0.25	0.75	25.2
0.25	1	25.2
0.5	0	25.2
0.5	0.25	25.2
0.5	0.5	25.2
0.5	0.75	25.2
0.5	1	25.2
0.75	0	25.2
0.75	0.25	25.2
0.75	0.5	25.2
0.75	0.75	25.2
0.75	1	25.2
1	0	25.2
1	0.25	25.2
1	0.5	25.2
1	0.75	25.2
1	1	25.2
0	0	25.4
0	0.25	25.4
0	0.5	25.4
0	0.75	25.4
0	1	25.4
0.25	0	25.4
0.25	0.25	25.4
0.25	0.5	25.4
0.25	0.75	25.4
0.25	1	25.4
0.5	0	25.4
0.5	0.25	25.4
0.5	0.5	25.4
0.5	0.75	25.4
0.5	1	25.4
0.75	0	25.4
0.75	0.25	25.4
0.75	0.5	25.4
0.75	0.75	25.4
0.75	1	25.4
1	0	25.4
1	0.25	25.4
1	0.5	25.4
1	0.75	25.4
1	1	25.4
0	0	25.6
0	0.25	25.6
0	0.5	25.6
0	0.75	25.6
0	1	25.6
0.25	0	25.6
0.25	0.25	25.6
0.25	0.5	25.6
0.25	0.75	25.6
0.25	1	25.6
0.5	0	25.6
0.5	0.25	25.6
0.5	0.5	25.6
0.5	0.75	25.6
0.5	1	25.6
0.75	0	25.6
0.75	0.25	25.6
0.75	0.5	25.6
0.75	0.75	25.6
0.75	1	25.6
1	0	25.6
1	0.25	25.6
1	0.5	25.6
1	0.75	25.6
1	1	25.6
0	0	25.8
0	0.25	25.8
0	0.5	25.8
0	0.75	25.8
0	1	25.8
0.25	0	25.8
0.25	0.25	25.8
0.25	0.5	25.8
0.25	0.75	25.8
0.25	1	25.8
0.5	0	25.8
0.5	0.25	25.8
0.5	0.5	25.8
0.5	0.75	25.8
0.5	1	25.8
0.75	0	25.8
0.75	0.25	25.8
0.75	0.5	25.8
0.75	0.75	25.8
0.75	1	25.8
1	0	25.8
1	0.25	25.8
1	0.5	25.8
1	0.75	25.8
1	1	25.8
0	0	26
0	0.25	26
0	0.5	26
0	0.75	26
0	1	26
0.25	0	26
0.25	0.25	26
0.25	0.5	26
0.25	0.75	26
0.25	1	26
0.5	0	26
0.5	0.25	26
0.5	0.5	26
0.5	0.75	26
0.5	1	26
0.75	0	26
0.75	0.25	26
0.75	0.5	26
0.75	0.75	26
0.75	1	26
1	0	26
1	0.25	26
1	0.5	26
1	0.75	26
1	1	26
0	0	26.2
0	0.25	26.2
0	0.5	26.2
0	0.75	26.2
0	1	26.2
0.25	0	26.2
0.25	0.25	26.2
0.25	0.5	26.2
0.25	0.75	26.2
0.25	1	26.2
0.5	0	26.2
0.5	0.25	26.2
0.5	0.5	26.2
0.5	0.75	26.2
0.5	1	26.2
0.75	0	26.2
0.75	0.25	26.2
0.75	0.5	26.2
0.75	0.75	26.2
0.75	1	26.2
1	0	26.2
1	0.25	26.2
1	0.5	26.2
1	0.75	26.2
1	1	26.2
0	0	26.4
0	0.25	26.4
0	0.5	26.4
0	0.75	26.4
0	1	26.4
0.25	0	26.4
0.25	0.25	26.4
0.25	0.5	26.4
0.25	0.75	26.4
0.25	1	26.4
0.5	0	26.4
0.5	0.25	26.4
0.5	0.5	26.4
0.5	0.75	26.4
0.5	1	26.4
0.75	0	26.4
0.75	0.25	26.4
0.75	0.5	26.4
0.75	0.75	26.4
0.75	1	26.4
1	0	26.4
1	0.25	26.4
1	0.5	26.4
1	0.75	26.4
1	1	26.4
0	0	26.6
0	0.25	26.6
0	0.5	26.6
0	0.75	26.6
0	1	26.6
0.25	0	26.6
0.25	0.25	26.6
0.25	0.5	26.6
0.25	0.75	26.6
0.25	1	26.6
0.5	0	26.6
0.5	0.25	26.6
0.5	0.5	26.6
0.5	0.75	26.6
0.5	1	26.6
0.75	0	26.6
0.75	0.25	26.6
0.75	0.5	26.6
0.75	0.75	26.6
0.75	1	26.6
1	0	26.6
1	0.25	26.6
1	0.5	26.6
1	0.75	26.6
1	1	26.6
0	0	26.8
0	0.25	26.8
0	0.5	26.8
0	0.75	26.8
0	1	26.8
0.25	0	26.8
0.25	0.25	26.8
0.25	0.5	26.8
0.25	0.75	26.8
0.25	1	26.8
0.5	0	26.8
0.5	0.25	26.8
0.5	0.5	26.8
0.5	0.75	26.8
0.5	1	26.8
0.75	0	26.8
0.75	0.25	26.8
0.75	0.5	26.8
0.75	0.75	26.8
0.75	1	26.8
1	0	26.8
1	0.25	26.8
1	0.5	26.8
1	0.75	26.8
1	1	26.8
0	0	27
0	0.25	27
0	0.5	27
0	0.75	27
0	1	27
0.25	0	27
0.25	0.25	27
0.25	0.5	27
0.25	0.75	27
0.25	1	27
0.5	0	27
0.5	0.25	27
0.5	0.5	27
0.5	0.75	27
0.5	1	27
0.75	0	27
0.75	0.25	27
0.75	0.5	27
0.75	0.75	27
0.75	1	27
1	0	27
1	0.25	27
1	0.5	27
1	0.75	27
1	1	27
0	0	27.2
0	0.25	27.2
0	0.5	27.2
0	0.75	27.2
0	1	27.2
0.25	0	27.2
0.25	0.25	27.2
0.25	0.5	27.2
0.25	0.75	27.2
0.25	1	27.2
0.5	0	27.2
0.5	0.25	27.2
0.5	0.5	27.2
0.5	0.75	27.2
0.5	1	27.2
0.75	0	27.2
0.75	0.25	27.2
0.75	0.5	27.2
0.75	0.75	27.2
0.75	1	27.2
1	0	27.2
1	0.25	27.2
1	0.5	27.2
1	0.75	27.2
1	1	27.2
0	0	27.4
0	0.25	27.4
0	0.5	27.4
0	0.75	27.4
0	1	27.4
0.25	0	27.4
0.25	0.25	27.4
0.25	0.5	27.4
0.25	0.75	27.4
0.25	1	27.4
0.5	0	27.4
0.5	0.25	27.4
0.5	0.5	27.4
0.5	0.75	27.4
0.5	1	27.4
0.75	0	27.4
0.75	0.25	27.4
0.75	0.5	27.4
0.75	0.75	27.4
0.75	1	27.4
1	0	27.4
1	0.25	27.4
1	0.5	27.4
1	0.75	27.4
1	1	27.4
0	0	27.6
0	0.25	27.6
0	0.5	27.6
0	0.75	27.6
0	1	27.6
0.25	0	27.6
0.25	0.25	27.6
0.25	0.5	27.6
0.25	0.75	27.6
0.25	1	27.6
0.5	0	27.6
0.5	0.25	27.6
0.5	0.5	27.6
0.5	0.75	27.6
0.5	1	27.6
0.75	0	27.6
0.75	0.25	27.6
0.75	0.5	27.6
0.75	0.75	27.6
0.75	1	27.6
1	0	27.6
1	0.25	27.6
1	0.5	27.6
1	0.75	27.6
1	1	27.6
0	0	27.8
0	0.25	27.8
0	0.5	27.8
0	0.75	27.8
0	1	27.8
0.25	0	27.8
0.25	0.25	27.8
0.25	0.5	27.8
0.25	0.75	27.8
0.25	1	27.8
0.5	0	27.8
0.5	0.25	27.8
0.5	0.5	27.8
0.5	0.75	27.8
0.5	1	27.8
0.75	0	27.8
0.75	0.25	27.8
0.75	0.5	27.8
0.75	0.75	27.8
0.75	1	27.8
1	0	27.8
1	0.25	27.8
1	0.5	27.8
1	0.75	27.8
1	1	27.8
0	0	28
0	0.25	28
0	0.5	28
0	0.75	28
0	1	28
0.25	0	28
0.25	0.25	28
0.25	0.5	28
0.25	0.75	28
0.25	1	28
0.5	0	28
0.5	0.25	28
0.5	0.5	28
0.5	0.75	28
0.5	1	28
0.75	0	28
0.75	0.25	28
0.75	0.5	28
0.75	0.75	28
0.75	1	28
1	0	28
1	0.25	28
1	0.5	28
1	0.75	28
1	1	28
0	0	28.2
0	0.25	28.2
0	0.5	28.2
0	0.75	28.2
0	1	28.2
0.25	0	28.2
0.25	0.25	28.2
0.25	0.5	28.2
0.25	0.75	28.2
0.25	1	28.2
0.5	0	28.2
0.5	0.25	28.2
0.5	0.5	28.2
0.5	0.75	28.2
0.5	1	28.2
0.75	0	28.2
0.75	0.25	28.2
0.75	0.5	28.2
0.75	0.75	28.2
0.75	1	28.2
1	0	28.2
1	0.25	28.2
1	0.5	28.2
1	0.75	28.2
1	1	28.2
0	0	28.4
0	0.25	28.4
0	0.5	28.4
0	0.75	28.4
0	1	28.4
0.25	0	28.4
0.25	0.25	28.4
0.25	0.5	28.4
0.25	0.75	28.4
0.25	1	28.4
0.5	0	28.4
0.5	0.25	28.4
0.5	0.5	28.4
0.5	0.75	28.4
0.5	1	28.4
0.75	0	28.4
0.75	0.25	28.4
0.75	0.5	28.4
0.75	0.75	28.4
0.75	1	28.4
1	0	28.4
1	0.25	28.4
1	0.5	28.4
1	0.75	28.4
1	1	28.4
0	0	28.6
0	0.25	28.6
0	0.5	28.6
0	0.75	28.6
0	1	28.6
0.25	0	28.6
0.25	0.25	28.6
0.25	0.5	28.6
0.25	0.75	28.6
0.25	1	28.6
0.5	0	28.6
0.5	0.25	28.6
0.5	0.5	28.6
0.5	0.75	28.6
0.5	1	28.6
0.75	0	28.6
0.75	0.25	28.6
0.75	0.5	28.6
0.75	0.75	28.6
0.75	1	28.6
1	0	28.6
1	0.25	28.6
1	0.5	28.6
1	0.75	28.6
1	1	28.6
0	0	28.8
0	0.25	28.8
0	0.5	28.8
0	0.75	28.8
0	1	28.8
0.25	0	28.8
0.25	0.25	28.8
0.25	0.5	28.8
0.25	0.75	28.8
0.25	1	28.8
0.5	0	28.8
0.5	0.25	28.8
0.5	0.5	28.8
0.5	0.75	28.8
0.5	1	28.8
0.75	0	28.8
0.75	0.25	28.8
0.75	0.5	28.8
0.75	0.75	28.8
0.75	1	28.8
1	0	28.8
1	0.25	28.8
1	0.5	28.8
1	0.75	28.8
1	1	28.8
0	0	29
0	0.25	29
0	0.5	29
0	0.75	29
0	1	29
0.25	0	29
0.25	0.25	29
0.25	0.5	29
0.25	0.75	29
0.25	1	29
0.5	0	29
0.5	0.25	29
0.5	0.5	29
0.5	0.75	29
0.5	1	29
0.75	0	29
0.75	0.25	29
0.75	0.5	29
0.75	0.75	29
0.75	1	29
1	0	29
1	0.25	29
1	0.5	29
1	0.75	29
1	1	29
0	0	29.2
0	0.25	29.2
0	0.5	29.2
0	0.75	29.2
0	1	29.2
0.25	0	29.2
0.25	0.25	29.2
0.25	0.5	29.2
0.25	0.75	29.2
0.25	1	29.2
0.5	0	29.2
0.5	0.25	29.2
0.5	0.5	29.2
0.5	0.75	29.2
0.5	1	29.2
0.75	0	29.2
0.75	0.25	29.2
0.75	0.5	29.2
0.75	0.75	29.2
0.75	1	29.2
1	0	29.2
1	0.25	29.2
1	0.5	29.2
1	0.75	29.2
1	1	29.2
0	0	29.4
0	0.25	29.4
0	0.5	29.4
0	0.75	29.4
0	1	29.4
0.25	0	29.4
0.25	0.25	29.4
0.25	0.5	29.4
0.25	0.75	29.4
0.25	1	29.4
0.5	0	29.4
0.5	0.25	29.4
0.5	0.5	29.4
0.5	0.75	29.4
0.5	1	29.4
0.75	0	29.4
0.75	0.25	29.4
0.75	0.5	29.4
0.75	0.75	29.4
0.75	1	29.4
1	0	29.4
1	0.25	29.4
1	0.5	29.4
1	0.75	29.4
1	1	29.4
0	0	29.6
0	0.25	29.6
0	0.5	29.6
0	0.75	29.6
0	1	29.6
0.25	0	29.6
0.25	0.25	29.6
0.25	0.5	29.6
0.25	0.75	29.6
0.25	1	29.6
0.5	0	29.6
0.5	0.25	29.6
0.5	0.5	29.6
0.5	0.75	29.6
0.5	1	29.6
0.75	0	29.6
0.75	0.25	29.6
0.75	0.5	29.6
0.75	0.75	29.6
0.75	1	29.6
1	0	29.6
1	0.25	29.6
1	0.5	29.6
1	0.75	29.6
1	1	29.6
0	0	29.8
0	0.25	29.8
0	0.5	29.8
0	0.75	29.8
0	1	29.8
0.25	0	29.8
0.25	0.25	29.8
0.25	0.5	29.8
0.25	0.75	29.8
0.25	1	29.8
0.5	0	29.8
0.5	0.25	29.8
0.5	0.5	29.8
0.5	0.75	29.8
0.5	1	29.8
0.75	0	29.8
0.75	0.25	29.8
0.75	0.5	29.8
0.75	0.75	29.8
0.75	1	29.8
1	0	29.8
1	0.25	29.8
1	0.5	29.8
1	0.75	29.8
1	1	29.8
0	0	30
0	0.25	30
0	0.5	30
0	0.75	30
0	1	30
0.25	0	30
0.25	0.25	30
0.25	0.5	30
0.25	0.75	30
0.25	1	30
0.5	0	30
0.5	0.25	30
0.5	0.5	30
0.5	0.75	30
0.5	1	30
0.75	0	30
0.75	0.25	30
0.75	0.5	30
0.75	0.75	30
0.75	1	30
1	0	30
1	0.25	30
1	0.5	30
1	0.75	30
1	1	30
0	0	30.2
0	0.25	30.2
0	0.5	30.2
0	0.75	30.2
0	1	30.2
0.25	0	30.2
0.25	0.25	30.2
0.25	0.5	30.2
0.25	0.75	30.2
0.25	1	30.2
0.5	0	30.2
0.5	0.25	30.2
0.5	0.5	30.2
0.5	0.75	30.2
0.5	1	30.2
0.75	0	30.2
0.75	0.25	30.2
0.75	0.5	30.2
0.75	0.75	30.2
0.75	1	30.2
1	0	30.2
1	0.25	30.2
1	0.5	30.2
1	0.75	30.2
1	1	30.2
0	0	30.4
0	0.25	30.4
0	0.5	30.4
0	0.75	30.4
0	1	30.4
0.25	0	30.4
0.25	0.25	30.4
0.25	0.5	30.4
0.25	0.75	30.4
0.25	1	30.4
0.5	0	30.4
0.5	0.25	30.4
0.5	0.5	30.4
0.5	0.75	30.4
0.5	1	30.4
0.75	0	30.4
0.75	0.25	30.4
0.75	0.5	30.4
0.75	0.75	30.4
0.75	1	30.4
1	0	30.4
1	0.25	30.4
1	0.5	30.4
1	0.75	30.4
1	1	30.4
0	0	30.6
0	0.25	30.6
0	0.5	30.6
0	0.75	30.6
0	1	30.6
0.25	0	30.6
0.25	0.25	30.6
0.25	0.5	30.6
0.25	0.75	30.6
0.25	1	30.6
0.5	0	30.6
0.5	0.25	30.6
0.5	0.5	30.6
0.5	0.75	30.6
0.5	1	30.6
0.75	0	30.6
0.75	0.25	30.6
0.75	0.5	30.6
0.75	0.75	30.6
0.75	1	30.6
1	0	30.6
1	0.25	30.6
1	0.5	30.6
1	0.75	30.6
1	1	30.6
0	0	30.8
0	0.25	30.8
0	0.5	30.8
0	0.75	30.8
0	1	30.8
0.25	0	30.8
0.25	0.25	30.8
0.25	0.5	30.8
0.25	0.75	30.8
0.25	1	30.8
0.5	0	30.8
0.5	0.25	30.8
0.5	0.5	30.8
0.5	0.75	30.8
0.5	1	30.8
0.75	0	30.8
0.75	0.25	30.8
0.75	0.5	30.8
0.75	0.75	30.8
0.75	1	30.8
1	0	30.8
1	0.25	30.8
1	0.5	30.8
1	0.75	30.8
1	1	30.8
0	0	31
0	0.25	31
0	0.5	31
0	0.75	31
0	1	31
0.25	0	31
0.25	0.25	31
0.25	0.5	31
0.25	0.75	31
0.25	1	31
0.5	0	31
0.5	0.25	31
0.5	0.5	31
0.5	0.75	31
0.5	1	31
0.75	0	31
0.75	0.25	31
0.75	0.5	31
0.75	0.75	31
0.75	1	31
1	0	31
1	0.25	31
1	0.5	31
1	0.75	31
1	1	31
0	0	31.2
0	0.25	31.2
0	0.5	31.2
0	0.75	31.2
0	1	31.2
0.25	0	31.2
0.25	0.25	31.2
0.25	0.5	31.2
0.25	0.75	31.2
0.25	1	31.2
0.5	0	31.2
0.5	0.25	31.2
0.5	0.5	31.2
0.5	0.75	31.2
0.5	1	31.2
0.75	0	31.2
0.75	0.25	31.2
0.75	0.5	31.2
0.75	0.75	31.2
0.75	1	31.2
1	0	31.2
1	0.25	31.2
1	0.5	31.2
1	0.75	31.2
1	1	31.2
0	0	31.4
0	0.25	31.4
0	0.5	31.4
0	0.75	31.4
0	1	31.4
0.25	0	31.4
0.25	0.25	31.4
0.25	0.5	31.4
0.25	0.75	31.4
0.25	1	31.4
0.5	0	31.4
0.5	0.25	31.4
0.5	0.5	31.4
0.5	0.75	31.4
0.5	1	31.4
0.75	0	31.4
0.75	0.25	31.4
0.75	0.5	31.4
0.75	0.75	31.4
0.75	1	31.4
1	0	31.4
1	0.25	31.4
1	0.5	31.4
1	0.75	31.4
1	1	31.4
0	0	31.6
0	0.25	31.6
0	0.5	31.6
0	0.75	31.6
0	1	31.6
0.25	0	31.6
0.25	0.25	31.6
0.25	0.5	31.6
0.25	0.75	31.6
0.25	1	31.6
0.5	0	31.6
0.5	0.25	31.6
0.5	0.5	31.6
0.5	0.75	31.6
0.5	1	31.6
0.75	0	31.6
0.75	0.25	31.6
0.75	0.5	31.6
0.75	0.75	31.6
0.75	1	31.6
1	0	31.6
1	0.25	31.6
1	0.5	31.6
1	0.75	31.6
1	1	31.6
0	0	31.8
0	0.25	31.8
0	0.5	31.8
0	0.75	31.8
0	1	31.8
0.25	0	31.8
0.25	0.25	31.8
0.25	0.5	31.8
0.25	0.75	31.8
0.25	1	31.8
0.5	0	31.8
0.5	0.25	31.8
0.5	0.5	31.8
0.5	0.75	31.8
0.5	1	31.8
0.75	0	31.8
0.75	0.25	31.8
0.75	0.5	31.8
0.75	0.75	31.8
0.75	1	31.8
1	0	31.8
1	0.25	31.8
1	0.5	31.8
1	0.75	31.8
1	1	31.8
0	0	32
0	0.25	32
0	0.5	32
0	0.75	32
0	1	32
0.25	0	32
0.25	0.25	32
0.25	0.5	32
0.25	0.75	32
0.25	1	32
0.5	0	32
0.5	0.25	32
0.5	0.5	32
0.5	0.75	32
0.5	1	32
0.75	0	32
0.75	0.25	32
0.75	0.5	32
0.75	0.75	32
0.75	1	32
1	0	32
1	0.25	32
1	0.5	32
1	0.75	32
1	1	32
0	0	32.2
0	0.25	32.2
0	0.5	32.2
0	0.75	32.2
0	1	32.2
0.25	0	32.2
0.25	0.25	32.2
0.25	0.5	32.2
0.25	0.75	32.2
0.25	1	32.2
0.5	0	32.2
0.5	0.25	32.2
0.5	0.5	32.2
0.5	0.75	32.2
0.5	1	32.2
0.75	0	32.2
0.75	0.25	32.2
0.75	0.5	32.2
0.75	0.75	32.2
0.75	1	32.2
1	0	32.2
1	0.25	32.2
1	0.5	32.2
1	0.75	32.2
1	1	32.2
0	0	32.4
0	0.25	32.4
0	0.5	32.4
0	0.75	32.4
0	1	32.4
0.25	0	32.4
0.25	0.25	32.4
0.25	0.5	32.4
0.25	0.75	32.4
0.25	1	32.4
0.5	0	32.4
0.5	0.25	32.4
0.5	0.5	32.4
0.5	0.75	32.4
0.5	1	32.4
0.75	0	32.4
0.75	0.25	32.4
0.75	0.5	32.4
0.75	0.75	32.4
0.75	1	32.4
1	0	32.4
1	0.25	32.4
1	0.5	32.4
1	0.75	32.4
1	1	32.4
0	0	32.6
0	0.25	32.6
0	0.5	32.6
0	0.75	32.6
0	1	32.6
0.25	0	32.6
0.25	0.25	32.6
0.25	0.5	32.6
0.25	0.75	32.6
0.25	1	32.6
0.5	0	32.6
0.5	0.25	32.6
0.5	0.5	32.6
0.5	0.75	32.6
0.5	1	32.6
0.75	0	32.6
0.75	0.25	32.6
0.75	0.5	32.6
0.75	0.75	32.6
0.75	1	32.6
1	0	32.6
1	0.25	32.6
1	0.5	32.6
1	0.75	32.6
1	1	32.6
0	0	32.8
0	0.25	32.8
0	0.5	32.8
0	0.75	32.8
0	1	32.8
0.25	0	32.8
0.25	0.25	32.8
0.25	0.5	32.8
0.25	0.75	32.8
0.25	1	32.8
0.5	0	32.8
0.5	0.25	32.8
0.5	0.5	32.8
0.5	0.75	32.8
0.5	1	32.8
0.75	0	32.8
0.75	0.25	32.8
0.75	0.5	32.8
0.75	0.75	32.8
0.75	1	32.8
1	0	32.8
1	0.25	32.8
1	0.5	32.8
1	0.75	32.8
1	1	32.8
0	0	33
0	0.25	33
0	0.5	33
0	0.75	33
0	1	33
0.25	0	33
0.25	0.25	33
0.25	0.5	33
0.25	0.75	33
0.25	1	33
0.5	0	33
0.5	0.25	33
0.5	0.5	33
0.5	0.75	33
0.5	1	33
0.75	0	33
0.75	0.25	33
0.75	0.5	33
0.75	0.75	33
0.75	1	33
1	0	33
1	0.25	33
1	0.5	33
1	0.75	33
1	1	33
0	0	33.2
0	0.25	33.2
0	0.5	33.2
0	0.75	33.2
0	1	33.2
0.25	0	33.2
0.25	0.25	33.2
0.25	0.5	33.2
0.25	0.75	33.2
0.25	1	33.2
0.5	0	33.2
0.5	0.25	33.2
0.5	0.5	33.2
0.5	0.75	33.2
0.5	1	33.2
0.75	0	33.2
0.75	0.25	33.2
0.75	0.5	33.2
0.75	0.75	33.2
0.75	1	33.2
1	0	33.2
1	0.25	33.2
1	0.5	33.2
1	0.75	33.2
1	1	33.2
0	0	33.4
0	0.25	33.4
0	0.5	33.4
0	0.75	33.4
0	1	33.4
0.25	0	33.4
0.25	0.25	33.4
0.25	0.5	33.4
0.25	0.75	33.4
0.25	1	33.4
0.5	0	33.4
0.5	0.25	33.4
0.5	0.5	33.4
0.5	0.75	33.4
0.5	1	33.4
0.75	0	33.4
0.75	0.25	33.4
0.75	0.5	33.4
0.75	0.75	33.4
0.75	1	33.4
1	0	33.4
1	0.25	33.4
1	0.5	33.4
1	0.75	33.4
1	1	33.4
0	0	33.6
0	0.25	33.6
0	0.5	33.6
0	0.75	33.6
0	1	33.6
0.25	0	33.6
0.25	0.25	33.6
0.25	0.5	33.6
0.25	0.75	33.6
0.25	1	33.6
0.5	0	33.6
0.5	0.25	33.6
0.5	0.5	33.6
0.5	0.75	33.6
0.5	1	33.6
0.75	0	33.6
0.75	0.25	33.6
0.75	0.5	33.6
0.75	0.75	33.6
0.75	1	33.6
1	0	33.6
1	0.25	33.6
1	0.5	33.6
1	0.75	33.6
1	1	33.6
0	0	33.8
0	0.25	33.8
0	0.5	33.8
0	0.75	33.8
0	1	33.8
0.25	0	33.8
0.25	0.25	33.8
0.25	0.5	33.8
0.25	0.75	33.8
0.25	1	33.8
0.5	0	33.8
0.5	0.25	33.8
0.5	0.5	33.8
0.5	0.75	33.8
0.5	1	33.8
0.75	0	33.8
0.75	0.25	33.8
0.75	0.5	33.8
0.75	0.75	33.8
0.75	1	33.8
1	0	33.8
1	0.25	33.8
1	0.5	33.8
1	0.75	33.8
1	1	33.8
0	0	34
0	0.25	34
0	0.5	34
0	0.75	34
0	1	34
0.25	0	34
0.25	0.25	34
0.25	0.5	34
0.25	0.75	34
0.25	1	34
0.5	0	34
0.5	0.25	34
0.5	0.5	34
0.5	0.75	34
0.5	1	34
0.75	0	34
0.75	0.25	34
0.75	0.5	34
0.75	0.75	34
0.75	1	34
1	0	34
1	0.25	34
1	0.5	34
1	0.75	34
1	1	34
0	0	34.2
0	0.25	34.2
0	0.5	34.2
0	0.75	34.2
0	1	34.2
0.25	0	34.2
0.25	0.25	34.2
0.25	0.5	34.2
0.25	0.75	34.2
0.25	1	34.2
0.5	0	34.2
0.5	0.25	34.2
0.5	0.5	34.2
0.5	0.75	34.2
0.5	1	34.2
0.75	0	34.2
0.75	0.25	34.2
0.75	0.5	34.2
0.75	0.75	34.2
0.75	1	34.2
1	0	34.2
1	0.25	34.2
1	0.5	34.2
1	0.75	34.2
1	1	34.2
0	0	34.4
0	0.25	34.4
0	0.5	34.4
0	0.75	34.4
0	1	34.4
0.25	0	34.4
0.25	0.25	34.4
0.25	0.5	34.4
0.25	0.75	34.4
0.25	1	34.4
0.5	0	34.4
0.5	0.25	34.4
0.5	0.5	34.4
0.5	0.75	34.4
0.5	1	34.4
0.75	0	34.4
0.75	0.25	34.4
0.75	0.5	34.4
0.75	0.75	34.4
0.75	1	34.4
1	0	34.4
1	0.25	34.4
1	0.5	34.4
1	0.75	34.4
1	1	34.4
0	0	34.6
0	0.25	34.6
0	0.5	34.6
0	0.75	34.6
0	1	34.6
0.25	0	34.6
0.25	0.25	34.6
0.25	0.5	34.6
0.25	0.75	34.6
0.25	1	34.6
0.5	0	34.6
0.5	0.25	34.6
0.5	0.5	34.6
0.5	0.75	34.6
0.5	1	34.6
0.75	0	34.6
0.75	0.25	34.6
0.75	0.5	34.6
0.75	0.75	34.6
0.75	1	34.6
1	0	34.6
1	0.25	34.6
1	0.5	34.6
1	0.75	34.6
1	1	34.6
0	0	34.8
0	0.25	34.8
0	0.5	34.8
0	0.75	34.8
0	1	34.8
0.25	0	34.8
0.25	0.25	34.8
0.25	0.5	34.8
0.25	0.75	34.8
0.25	1	34.8
0.5	0	34.8
0.5	0.25	34.8
0.5	0.5	34.8
0.5	0.75	34.8
0.5	1	34.8
0.75	0	34.8
0.75	0.25	34.8
0.75	0.5	34.8
0.75	0.75	34.8
0.75	1	34.8
1	0	34.8
1	0.25	34.8
1	0.5	34.8
1	0.75	34.8
1	1	34.8
0	0	35
0	0.25	35
0	0.5	35
0	0.75	35
0	1	35
0.25	0	35
0.25	0.25	35
0.25	0.5	35
0.25	0.75	35
0.25	1	35
0.5	0	35
0.5	0.25	35
0.5	0.5	35
0.5	0.75	35
0.5	1	35
0.75	0	35
0.75	0.25	35
0.75	0.5	35
0.75	0.75	35
0.75	1	35
1	0	35
1	0.25	35
1	0.5	35
1	0.75	35
1	1	35
0	0	35.2
0	0.25	35.2
0	0.5	35.2
0	0.75	35.2
0	1	35.2
0.25	0	35.2
0.25	0.25	35.2
0.25	0.5	35.2
0.25	0.75	35.2
0.25	1	35.2
0.5	0	35.2
0.5	0.25	35.2
0.5	0.5	35.2
0.5	0.75	35.2
0.5	1	35.2
0.75	0	35.2
0.75	0.25	35.2
0.75	0.5	35.2
0.75	0.75	35.2
0.75	1	35.2
1	0	35.2
1	0.25	35.2
1	0.5	35.2
1	0.75	35.2
1	1	35.2
0	0	35.4
0	0.25	35.4
0	0.5	35.4
0	0.75	35.4
0	1	35.4
0.25	0	35.4
0.25	0.25	35.4
0.25	0.5	35.4
0.25	0.75	35.4
0.25	1	35.4
0.5	0	35.4
0.5	0.25	35.4
0.5	0.5	35.4
0.5	0.75	35.4
0.5	1	35.4
0.75	0	35.4
0.75	0.25	35.4
0.75	0.5	35.4
0.75	0.75	35.4
0.75	1	35.4
1	0	35.4
1	0.25	35.4
1	0.5	35.4
1	0.75	35.4
1	1	35.4
0	0	35.6
0	0.25	35.6
0	0.5	35.6
0	0.75	35.6
0	1	35.6
0.25	0	35.6
0.25	0.25	35.6
0.25	0.5	35.6
0.25	0.75	35.6
0.25	1	35.6
0.5	0	35.6
0.5	0.25	35.6
0.5	0.5	35.6
0.5	0.75	35.6
0.5	1	35.6
0.75	0	35.6
0.75	0.25	35.6
0.75	0.5	35.6
0.75	0.75	35.6
0.75	1	35.6
1	0	35.6
1	0.25	35.6
1	0.5	35.6
1	0.75	35.6
1	1	35.6
0	0	35.8
0	0.25	35.8
0	0.5	35.8
0	0.75	35.8
0	1	35.8
0.25	0	35.8
0.25	0.25	35.8
0.25	0.5	35.8
0.25	0.75	35.8
0.25	1	35.8
0.5	0	35.8
0.5	0.25	35.8
0.5	0.5	35.8
0.5	0.75	35.8
0.5	1	35.8
0.75	0	35.8
0.75	0.25	35.8
0.75	0.5	35.8
0.75	0.75	35.8
0.75	1	35.8
1	0	35.8
1	0.25	35.8
1	0.5	35.8
1	0.75	35.8
1	1	35.8
0	0	36
0	0.25	36
0	0.5	36
0	0.75	36
0	1	36
0.25	0	36
0.25	0.25	36
0.25	0.5	36
0.25	0.75	36
0.25	1	36
0.5	0	36
0.5	0.25	36
0.5	0.5	36
0.5	0.75	36
0.5	1	36
0.75	0	36
0.75	0.25	36
0.75	0.5	36
0.75	0.75	36
0.75	1	36
1	0	36
1	0.25	36
1	0.5	36
1	0.75	36
1	1	36
0	0	36.2
0	0.25	36.2
0	0.5	36.2
0	0.75	36.2
0	1	36.2
0.25	0	36.2
0.25	0.25	36.2
0.25	0.5	36.2
0.25	0.75	36.2
0.25	1	36.2
0.5	0	36.2
0.5	0.25	36.2
0.5	0.5	36.2
0.5	0.75	36.2
0.5	1	36.2
0.75	0	36.2
0.75	0.25	36.2
0.75	0.5	36.2
0.75	0.75	36.2
0.75	1	36.2
1	0	36.2
1	0.25	36.2
1	0.5	36.2
1	0.75	36.2
1	1	36.2
0	0	36.4
0	0.25	36.4
0	0.5	36.4
0	0.75	36.4
0	1	36.4
0.25	0	36.4
0.25	0.25	36.4
0.25	0.5	36.4
0.25	0.75	36.4
0.25	1	36.4
0.5	0	36.4
0.5	0.25	36.4
0.5	0.5	36.4
0.5	0.75	36.4
0.5	1	36.4
0.75	0	36.4
0.75	0.25	36.4
0.75	0.5	36.4
0.75	0.75	36.4
0.75	1	36.4
1	0	36.4
1	0.25	36.4
1	0.5	36.4
1	0.75	36.4
1	1	36.4
0	0	36.6
0	0.25	36.6
0	0.5	36.6
0	0.75	36.6
0	1	36.6
0.25	0	36.6
0.25	0.25	36.6
0.25	0.5	36.6
0.25	0.75	36.6
0.25	1	36.6
0.5	0	36.6
0.5	0.25	36.6
0.5	0.5	36.6
0.5	0.75	36.6
0.5	1	36.6
0.75	0	36.6
0.75	0.25	36.6
0.75	0.5	36.6
0.75	0.75	36.6
0.75	1	36.6
1	0	36.6
1	0.25	36.6
1	0.5	36.6
1	0.75	36.6
1	1	36.6
0	0	36.8
0	0.25	36.8
0	0.5	36.8
0	0.75	36.8
0	1	36.8
0.25	0	36.8
0.25	0.25	36.8
0.25	0.5	36.8
0.25	0.75	36.8
0.25	1	36.8
0.5	0	36.8
0.5	0.25	36.8
0.5	0.5	36.8
0.5	0.75	36.8
0.5	1	36.8
0.75	0	36.8
0.75	0.25	36.8
0.75	0.5	36.8
0.75	0.75	36.8
0.75	1	36.8
1	0	36.8
1	0.25	36.8
1	0.5	36.8
1	0.75	36.8
1	1	36.8
0	0	37
0	0.25	37
0	0.5	37
0	0.75	37
0	1	37
0.25	0	37
0.25	0.25	37
0.25	0.5	37
0.25	0.75	37
0.25	1	37
0.5	0	37
0.5	0.25	37
0.5	0.5	37
0.5	0.75	37
0.5	1	37
0.75	0	37
0.75	0.25	37
0.75	0.5	37
0.75	0.75	37
0.75	1	37
1	0	37
1	0.25	37
1	0.5	37
1	0.75	37
1	1	37
0	0	37.2
0	0.25	37.2
0	0.5	37.2
0	0.75	37.2
0	1	37.2
0.25	0	37.2
0.25	0.25	37.2
0.25	0.5	37.2
0.25	0.75	37.2
0.25	1	37.2
0.5	0	37.2
0.5	0.25	37.2
0.5	0.5	37.2
0.5	0.75	37.2
0.5	1	37.2
0.75	0	37.2
0.75	0.25	37.2
0.75	0.5	37.2
0.75	0.75	37.2
0.75	1	37.2
1	0	37.2
1	0.25	37.2
1	0.5	37.2
1	0.75	37.2
1	1	37.2
0	0	37.4
0	0.25	37.4
0	0.5	37.4
0	0.75	37.4
0	1	37.4
0.25	0	37.4
0.25	0.25	37.4
0.25	0.5	37.4
0.25	0.75	37.4
0.25	1	37.4
0.5	0	37.4
0.5	0.25	37.4
0.5	0.5	37.4
0.5	0.75	37.4
0.5	1	37.4
0.75	0	37.4
0.75	0.25	37.4
0.75	0.5	37.4
0.75	0.75	37.4
0.75	1	37.4
1	0	37.4
1	0.25	37.4
1	0.5	37.4
1	0.75	37.4
1	1	37.4
0	0	37.6
0	0.25	37.6
0	0.5	37.6
0	0.75	37.6
0	1	37.6
0.25	0	37.6
0.25	0.25	37.6
0.25	0.5	37.6
0.25	0.75	37.6
0.25	1	37.6
0.5	0	37.6
0.5	0.25	37.6
0.5	0.5	37.6
0.5	0.75	37.6
0.5	1	37.6
0.75	0	37.6
0.75	0.25	37.6
0.75	0.5	37.6
0.75	0.75	37.6
0.75	1	37.6
1	0	37.6
1	0.25	37.6
1	0.5	37.6
1	0.75	37.6
1	1	37.6
0	0	37.8
0	0.25	37.8
0	0.5	37.8
0	0.75	37.8
0	1	37.8
0.25	0	37.8
0.25	0.25	37.8
0.25	0.5	37.8
0.25	0.75	37.8
0.25	1	37.8
0.5	0	37.8
0.5	0.25	37.8
0.5	0.5	37.8
0.5	0.75	37.8
0.5	1	37.8
0.75	0	37.8
0.75	0.25	37.8
0.75	0.5	37.8
0.75	0.75	37.8
0.75	1	37.8
1	0	37.8
1	0.25	37.8
1	0.5	37.8
1	0.75	37.8
1	1	37.8
0	0	38
0	0.25	38
0	0.5	38
0	0.75	38
0	1	38
0.25	0	38
0.25	0.25	38
0.25	0.5	38
0.25	0.75	38
0.25	1	38
0.5	0	38
0.5	0.25	38
0.5	0.5	38
0.5	0.75	38
0.5	1	38
0.75	0	38
0.75	0.25	38
0.75	0.5	38
0.75	0.75	38
0.75	1	38
1	0	38
1	0.25	38
1	0.5	38
1	0.75	38
1	1	38
0	0	38.2
0	0.25	38.2
0	0.5	38.2
0	0.75	38.2
0	1	38.2
0.25	0	38.2
0.25	0.25	38.2
0.25	0.5	38.2
0.25	0.75	38.2
0.25	1	38.2
0.5	0	38.2
0.5	0.25	38.2
0.5	0.5	38.2
0.5	0.75	38.2
0.5	1	38.2
0.75	0	38.2
0.75	0.25	38.2
0.75	0.5	38.2
0.75	0.75	38.2
0.75	1	38.2
1	0	38.2
1	0.25	38.2
1	0.5	38.2
1	0.75	38.2
1	1	38.2
0	0	38.4
0	0.25	38.4
0	0.5	38.4
0	0.75	38.4
0	1	38.4
0.25	0	38.4
0.25	0.25	38.4
0.25	0.5	38.4
0.25	0.75	38.4
0.25	1	38.4
0.5	0	38.4
0.5	0.25	38.4
0.5	0.5	38.4
0.5	0.75	38.4
0.5	1	38.4
0.75	0	38.4
0.75	0.25	38.4
0.75	0.5	38.4
0.75	0.75	38.4
0.75	1	38.4
1	0	38.4
1	0.25	38.4
1	0.5	38.4
1	0.75	38.4
1	1	38.4
0	0	38.6
0	0.25	38.6
0	0.5	38.6
0	0.75	38.6
0	1	38.6
0.25	0	38.6
0.25	0.25	38.6
0.25	0.5	38.6
0.25	0.75	38.6
0.25	1	38.6
0.5	0	38.6
0.5	0.25	38.6
0.5	0.5	38.6
0.5	0.75	38.6
0.5	1	38.6
0.75	0	38.6
0.75	0.25	38.6
0.75	0.5	38.6
0.75	0.75	38.6
0.75	1	38.6
1	0	38.6
1	0.25	38.6
1	0.5	38.6
1	0.75	38.6
1	1	38.6
0	0	38.8
0	0.25	38.8
0	0.5	38.8
0	0.75	38.8
0	1	38.8
0.25	0	38.8
0.25	0.25	38.8
0.25	0.5	38.8
0.25	0.75	38.8
0.25	1	38.8
0.5	0	38.8
0.5	0.25	38.8
0.5	0.5	38.8
0.5	0.75	38.8
0.5	1	38.8
0.75	0	38.8
0.75	0.25	38.8
0.75	0.5	38.8
0.75	0.75	38.8
0.75	1	38.8
1	0	38.8
1	0.25	38.8
1	0.5	38.8
1	0.75	38.8
1	1	38.8
0	0	39
0	0.25	39
0	0.5	39
0	0.75	39
0	1	39
0.25	0	39
0.25	0.25	39
0.25	0.5	39
0.25	0.75	39
0.25	1	39
0.5	0	39
0.5	0.25	39
0.5	0.5	39
0.5	0.75	39
0.5	1	39
0.75	0	39
0.75	0.25	39
0.75	0.5	39
0.75	0.75	39
0.75	1	39
1	0	39
1	0.25	39
1	0.5	39
1	0.75	39
1	1	39
0	0	39.2
0	0.25	39.2
0	0.5	39.2
0	0.75	39.2
0	1	39.2
0.25	0	39.2
0.25	0.25	39.2
0.25	0.5	39.2
0.25	0.75	39.2
0.25	1	39.2
0.5	0	39.2
0.5	0.25	39.2
0.5	0.5	39.2
0.5	0.75	39.2
0.5	1	39.2
0.75	0	39.2
0.75	0.25	39.2
0.75	0.5	39.2
0.75	0.75	39.2
0.75	1	39.2
1	0	39.2
1	0.25	39.2
1	0.5	39.2
1	0.75	39.2
1	1	39.2
0	0	39.4
0	0.25	39.4
0	0.5	39.4
0	0.75	39.4
0	1	39.4
0.25	0	39.4
0.25	0.25	39.4
0.25	0.5	39.4
0.25	0.75	39.4
0.25	1	39.4
0.5	0	39.4
0.5	0.25	39.4
0.5	0.5	39.4
0.5	0.75	39.4
0.5	1	39.4
0.75	0	39.4
0.75	0.25	39.4
0.75	0.5	39.4
0.75	0.75	39.4
0.75	1	39.4
1	0	39.4
1	0.25	39.4
1	0.5	39.4
1	0.75	39.4
1	1	39.4
0	0	39.6
0	0.25	39.6
0	0.5	39.6
0	0.75	39.6
0	1	39.6
0.25	0	39.6
0.25	0.25	39.6
0.25	0.5	39.6
0.25	0.75	39.6
0.25	1	39.6
0.5	0	39.6
0.5	0.25	39.6
0.5	0.5	39.6
0.5	0.75	39.6
0.5	1	39.6
0.75	0	39.6
0.75	0.25	39.6
0.75	0.5	39.6
0.75	0.75	39.6
0.75	1	39.6
1	0	39.6
1	0.25	39.6
1	0.5	39.6
1	0.75	39.6
1	1	39.6
0	0	39.8
0	0.25	39.8
0	0.5	39.8
0	0.75	39.8
0	1	39.8
0.25	0	39.8
0.25	0.25	39.8
0.25	0.5	39.8
0.25	0.75	39.8
0.25	1	39.8
0.5	0	39.8
0.5	0.25	39.8
0.5	0.5	39.8
0.5	0.75	39.8
0.5	1	39.8
0.75	0	39.8
0.75	0.25	39.8
0.75	0.5	39.8
0.75	0.75	39.8
0.75	1	39.8
1	0	39.8
1	0.25	39.8
1	0.5	39.8
1	0.75	39.8
1	1	39.8
0	0	40
0	0.25	40
0	0.5	40
0	0.75	40
0	1	40
0.25	0	40
0.25	0.25	40
0.25	0.5	40
0.25	0.75	40
0.25	1	40
0.5	0	40
0.5	0.25	40
0.5	0.5	40
0.5	0.75	40
0.5	1	40
0.75	0	40
0.75	0.25	40
0.75	0.5	40
0.75	0.75	40
0.75	1	40
1	0	40
1	0.25	40
1	0.5	40
1	0.75	40
1	1	40
